47,14
54,60
46,63
39,90
23,41
23,61
29,96
24,09
24,14
42,00
57,00
43,40
51,86
55,00
55,00
57,88
57,97
75,10
57,97
51,49
55,44
50,54
38,46
33,96
44,88
49,95
46,72
46,71
45,82
45,66
52,00
43,87
56,15
61,92
56,33
56,15
55,35
44,81
42,74
44,91
60,00
76,01
60,00
65,35
60,00
48,67
42,00
47,58
49,00
49,06
45,44
40,60
35,00
42,00
48,99
44,03
50,58
54,99
48,87
49,00
52,44
46,12
49,53
44,50
59,92
77,10
65,69
55,22
51,82
49,55
39,43
42,00
42,65
42,65
42,61
44,03
44,77
49,24
53,01
53,01
67,03
72,67
74,42
56,89
50,00
44,10
44,53
44,53
64,10
74,99
64,69
52,01
54,31
52,10
43,59
42,99
45,90
45,42
44,87
44,87
42,94
43,57
46,97
52,02
60,89
64,61
64,82
63,80
62,78
62,86
61,44
52,00
77,68
100,00
71,20
55,10
61,89
52,01
42,81
54,82
54,38
49,43
45,41
43,10
39,99
35,00
39,06
42,59
44,95
49,15
60,06
55,29
54,30
46,07
44,04
44,07
55,00
78,09
68,17
55,10
55,04
50,92
44,42
47,98
50,00
47,00
44,91
42,09
41,31
41,07
41,83
41,42
43,51
49,09
53,06
50,76
55,00
55,00
54,42
48,84
61,10
91,66
66,82
58,93
53,05
48,94
41,92
42,81
42,34
42,50
42,05
42,01
41,42
42,11
48,59
46,56
55,44
59,00
55,10
54,14
55,00
55,00
52,66
46,82
59,18
75,72
63,92
60,00
46,55
53,06
42,39
43,52
44,15
44,82
43,06
43,00
43,03
44,30
55,00
53,52
53,44
54,99
55,66
54,80
54,51
50,74
49,60
50,11
69,98
82,99
66,02
56,10
51,00
54,10
44,15
44,56
46,45
45,99
44,60
44,42
44,48
45,81
57,55
53,46
61,50
58,82
55,00
52,00
51,00
50,00
50,24
56,44
75,94
101,79
87,94
72,45
64,66
53,90
48,00
47,93
45,51
44,16
44,01
43,33
43,03
43,17
48,43
52,55
54,14
60,10
60,08
53,99
55,40
53,10
51,85
61,00
83,89
100,00
81,00
60,10
60,20
56,51
46,91
48,89
45,99
45,89
45,23
44,05
42,57
43,40
48,43
53,06
60,20
61,94
58,50
54,50
52,11
49,12
47,00
48,11
57,51
79,89
60,43
54,92
51,52
44,34
41,39
51,00
48,86
56,01
45,90
42,64
39,82
37,00
40,54
42,32
45,00
53,45
52,10
55,36
58,00
54,55
46,10
50,00
56,00
79,92
68,89
49,42
56,90
52,02
48,55
54,00
48,12
49,95
48,00
44,92
41,06
38,02
39,95
40,00
48,00
47,00
55,50
54,14
58,00
49,76
45,00
45,00
60,50
83,00
57,03
50,00
52,53
46,62
40,00
43,39
44,95
44,99
40,56
40,08
36,23
41,50
51,00
48,11
46,83
57,00
57,00
53,50
53,00
46,80
45,00
45,58
53,00
73,16
64,18
60,00
50,70
50,01
41,50
47,97
47,93
47,56
42,63
39,01
31,29
39,02
52,91
46,00
50,99
56,08
50,00
47,33
47,44
47,44
49,00
52,52
56,97
73,00
65,50
60,15
51,55
52,55
40,00
46,41
47,44
48,00
42,43
38,59
34,60
38,54
47,49
46,21
50,00
50,00
48,76
44,48
46,00
46,00
46,00
48,03
50,73
75,12
70,00
59,93
58,61
51,99
43,73
44,88
50,00
47,04
42,07
41,67
39,00
39,02
48,00
43,28
51,00
53,85
57,00
52,00
48,33
46,00
45,80
48,04
59,80
84,96
67,35
56,42
50,00
47,87
40,00
39,65
43,90
39,15
37,55
37,99
37,00
38,00
47,96
56,24
57,43
58,56
50,00
44,70
41,38
41,10
41,22
42,73
50,30
75,10
67,94
55,50
44,00
42,23
38,97
40,67
43,91
43,67
41,09
40,96
43,67
43,52
46,90
41,09
46,83
62,73
63,73
59,55
59,95
47,60
44,06
45,70
56,50
100,00
84,80
59,11
53,10
49,02
46,15
47,56
50,91
49,91
45,92
43,50
42,32
40,75
40,91
41,03
42,22
44,42
58,87
53,22
62,00
48,00
42,95
43,07
51,56
82,01
64,22
45,54
42,89
40,57
38,70
42,00
41,02
40,91
40,62
40,58
40,52
40,80
48,00
46,84
55,22
60,91
52,80
45,00
44,90
43,50
42,05
42,46
54,60
81,50
65,03
58,44
50,00
51,64
40,41
46,95
46,21
46,72
42,22
40,38
32,68
36,36
44,48
47,93
46,16
54,00
51,68
44,88
44,88
44,88
43,59
45,00
52,00
68,17
58,88
51,36
48,88
46,53
40,00
50,12
45,55
43,94
38,80
36,96
29,99
37,92
50,00
43,99
46,15
54,00
50,00
48,66
50,00
46,66
41,58
42,44
51,60
74,00
63,92
56,68
45,21
45,44
39,90
40,58
44,97
44,93
41,94
40,55
40,00
44,94
47,55
42,41
49,60
53,20
48,44
41,07
41,05
46,55
56,00
41,05
50,21
80,82
73,17
60,94
55,00
49,00
41,09
42,68
42,69
42,69
39,77
39,89
39,95
40,76
46,00
52,53
62,00
62,62
61,55
48,39
46,44
45,01
44,55
44,25
63,00
89,25
71,95
66,96
49,40
47,79
41,00
52,09
47,91
57,00
43,92
42,93
37,21
29,32
31,26
39,19
42,56
56,20
56,00
49,09
43,96
42,03
39,58
41,39
45,20
75,00
69,94
50,66
41,84
40,70
38,91
44,80
45,91
44,98
47,93
40,99
39,60
37,80
41,94
30,60
29,51
44,13
46,52
46,30
52,90
50,00
45,03
46,60
50,06
75,92
67,90
47,04
47,00
41,32
32,28
25,88
25,57
29,00
16,47
10,10
17,60
30,29
48,94
44,15
46,27
51,90
46,10
44,80
44,56
43,09
38,49
33,44
43,53
68,94
62,00
58,10
54,00
50,50
37,57
40,99
43,19
41,91
40,22
40,04
39,92
40,04
49,92
49,70
60,00
60,10
48,98
43,00
42,00
40,65
40,72
41,36
47,53
71,45
55,00
53,76
47,44
40,35
36,45
48,00
44,95
43,01
39,99
36,57
29,44
37,99
45,91
48,79
54,61
57,00
45,10
41,38
41,19
40,86
40,61
41,23
49,00
75,00
66,00
55,01
50,01
44,44
37,97
45,07
44,96
48,50
41,95
37,03
27,05
37,08
45,52
46,59
57,53
50,00
43,45
41,33
41,33
42,24
43,45
43,45
49,62
76,01
69,02
57,00
47,18
47,44
39,40
40,00
41,52
41,38
40,90
35,37
36,00
41,95
50,70
45,00
53,10
53,21
44,10
42,62
43,01
46,37
48,69
43,00
53,36
87,50
76,00
60,01
49,14
50,59
43,00
47,92
46,94
45,94
43,90
42,92
42,01
42,49
44,53
41,83
51,95
56,00
60,24
61,04
50,60
44,55
42,08
42,00
46,96
82,44
70,10
53,22
45,78
49,00
41,57
43,03
43,79
43,78
41,95
41,92
41,15
41,23
41,57
39,29
41,34
41,94
44,99
49,03
47,75
51,23
45,53
45,00
53,30
75,01
68,96
55,10
50,07
51,54
41,86
41,93
42,53
42,59
42,57
42,56
42,51
42,05
49,51
52,78
58,00
59,96
47,16
44,56
44,04
44,06
44,33
54,97
55,30
76,31
75,04
58,00
52,03
52,03
43,06
43,63
45,43
43,64
43,00
42,27
41,66
42,05
48,97
56,51
56,13
54,30
52,78
47,50
46,67
45,64
45,02
48,59
54,81
68,92
67,00
60,50
48,00
43,53
41,51
40,81
41,99
40,81
40,56
40,94
40,73
42,88
53,69
56,14
56,05
52,98
51,25
45,50
45,49
44,67
46,48
48,59
55,10
68,59
64,23
60,54
47,00
43,37
40,67
42,82
42,94
42,76
42,08
41,43
41,24
44,61
54,10
59,17
61,34
61,10
54,38
47,77
46,53
46,82
46,00
49,02
55,85
64,74
64,61
60,56
47,74
47,48
42,22
47,20
45,97
44,16
41,62
41,06
37,34
44,26
47,91
48,21
51,24
57,66
47,79
44,49
42,55
42,08
41,98
41,94
45,50
70,00
73,86
62,49
49,00
49,60
41,65
55,10
47,95
47,93
46,99
41,03
38,99
36,60
39,38
41,42
46,05
48,05
48,08
46,20
46,93
50,10
51,53
48,30
44,41
71,20
72,99
49,90
46,84
42,09
37,91
45,90
46,00
47,55
45,92
42,94
38,02
35,00
41,00
38,03
41,20
43,54
46,87
43,56
48,09
49,56
42,33
41,27
44,10
74,12
83,40
54,09
45,99
48,14
39,71
41,05
45,97
44,05
41,51
41,08
38,54
43,13
47,78
50,39
57,73
64,00
49,11
48,99
46,19
44,31
48,00
43,37
50,69
71,97
85,00
65,51
42,88
42,12
38,81
41,58
47,90
43,45
40,63
39,02
37,51
40,13
45,53
44,47
43,80
50,56
48,00
45,41
44,04
44,58
44,18
41,44
45,22
62,96
77,45
65,50
58,39
49,58
45,05
49,90
51,00
47,00
43,78
43,34
40,30
39,14
44,82
53,75
55,26
53,00
48,95
44,43
46,00
44,00
44,01
50,79
48,44
62,00
74,99
63,74
43,92
48,00
42,80
43,99
45,91
43,48
42,75
40,00
39,03
42,39
48,00
49,00
60,60
51,66
45,65
45,10
44,69
42,75
41,74
42,03
43,68
65,01
70,00
63,00
47,00
49,74
42,39
41,35
42,03
41,27
40,93
40,33
41,04
46,92
52,49
49,10
62,00
67,00
47,03
43,61
43,01
42,14
41,76
42,52
43,19
64,98
76,00
64,38
43,30
50,44
41,03
43,45
44,96
43,41
42,99
41,33
41,80
43,40
44,31
43,02
53,02
61,77
57,47
50,55
45,55
41,59
41,54
46,61
45,00
70,00
85,00
64,00
44,00
48,11
43,02
44,97
50,44
46,84
44,31
42,43
41,38
41,38
43,44
41,07
42,55
47,00
49,33
48,36
52,44
51,92
47,94
46,92
45,73
70,00
82,79
59,22
46,00
50,44
42,27
43,88
44,31
44,32
44,31
44,31
43,87
44,03
52,61
52,72
55,56
58,92
54,00
49,24
48,13
49,53
49,00
45,95
54,02
64,94
82,54
58,96
46,39
48,78
42,55
46,44
46,44
44,42
43,06
41,55
40,74
43,08
54,43
56,13
56,06
54,67
50,86
48,39
46,84
45,96
45,21
45,55
48,50
57,98
84,95
66,29
53,44
50,00
43,44
44,96
46,93
46,38
45,48
45,42
44,01
44,44
53,76
55,18
62,27
65,89
54,33
47,22
49,33
47,78
46,00
45,55
50,40
70,31
89,90
69,97
48,93
51,00
43,58
46,00
47,96
45,50
49,24
45,71
45,43
47,92
53,70
55,55
67,10
67,91
53,96
50,94
47,65
46,85
46,85
46,85
51,34
69,60
90,01
73,90
55,55
52,01
47,46
46,96
49,47
48,00
46,60
46,09
46,00
47,65
56,19
64,93
75,60
72,07
50,23
47,41
46,59
45,65
45,58
47,23
49,54
69,94
88,00
72,50
49,84
49,26
46,03
49,91
50,94
49,37
46,40
46,10
45,68
46,04
46,66
49,49
59,00
61,00
55,45
55,32
55,06
48,17
46,61
47,79
54,15
77,99
105,00
75,00
53,02
48,99
46,91
46,39
48,73
47,61
46,39
44,26
44,06
44,26
45,65
43,70
44,07
46,99
49,66
54,56
58,32
56,45
53,87
51,34
65,00
72,95
95,00
72,57
61,30
55,00
47,25
45,67
45,09
46,60
46,39
46,39
46,39
48,68
63,49
66,19
63,67
63,00
59,10
55,80
55,89
56,35
58,00
53,30
56,41
73,57
102,29
85,00
62,50
67,80
55,33
52,15
53,15
53,51
50,01
49,43
50,23
59,44
81,21
70,00
75,11
69,55
54,42
49,98
50,88
51,44
51,44
59,84
61,02
74,44
90,97
81,83
60,02
61,10
49,98
66,10
64,76
62,04
59,48
56,37
58,21
59,86
68,58
81,60
80,88
74,10
55,68
52,90
52,51
51,50
50,81
55,60
59,55
80,00
91,00
75,75
58,40
55,44
48,19
85,00
79,30
67,70
62,19
54,44
61,30
80,07
84,82
89,68
100,00
100,97
102,35
76,88
75,00
74,42
74,18
71,87
74,98
97,34
129,90
120,00
79,01
75,00
50,00
70,50
55,48
53,69
52,08
49,07
49,09
70,86
108,74
88,84
111,00
128,26
118,22
105,36
98,76
93,21
93,74
98,07
119,99
125,00
185,10
112,52
92,08
77,21
64,92
77,54
99,00
67,95
52,14
52,14
51,12
51,23
60,65
51,12
80,00
98,65
85,75
73,60
71,86
70,91
68,10
70,51
71,14
90,74
148,00
112,69
73,60
75,09
67,41
81,33
87,36
69,78
50,23
48,73
47,62
47,62
47,62
44,01
48,73
53,10
65,70
82,62
70,18
64,90
55,10
60,79
83,86
69,99
140,16
94,93
52,28
75,94
48,10
69,37
62,62
49,00
47,58
47,09
46,73
47,04
69,36
60,02
68,60
72,24
64,86
64,85
63,02
50,72
50,64
52,03
78,50
76,43
110,06
99,90
52,41
56,29
45,10
44,99
44,99
45,81
44,06
44,02
43,96
45,82
53,52
59,47
59,73
58,13
50,55
48,13
47,09
47,04
47,07
47,51
49,60
58,00
90,00
74,44
62,87
52,57
49,08
44,94
45,94
46,62
46,50
44,47
44,31
47,00
51,29
56,75
67,80
68,09
54,00
47,31
45,01
44,58
44,42
44,90
49,32
61,51
87,62
74,91
52,00
53,04
43,99
44,18
47,75
47,10
44,12
43,96
43,96
44,33
47,20
60,08
68,00
62,86
49,00
45,35
44,40
43,79
43,79
45,00
49,00
62,99
88,90
69,91
52,00
51,00
42,95
44,63
47,18
47,00
46,15
45,89
45,57
46,00
51,30
52,50
61,00
60,50
56,50
50,00
48,00
48,00
48,00
46,51
65,30
67,92
90,20
63,00
49,00
47,33
40,90
47,78
51,07
49,00
45,18
42,68
40,55
42,11
42,55
42,37
48,22
61,09
62,49
53,67
51,40
45,05
43,08
43,28
48,32
55,55
85,00
70,67
53,17
49,32
43,28
43,86
51,34
54,04
46,92
46,88
44,41
46,87
46,87
43,86
46,36
56,51
52,87
52,16
59,92
56,00
46,38
53,90
57,00
59,99
88,90
75,55
53,44
56,46
46,05
42,55
44,05
45,91
42,58
43,06
42,19
44,30
51,10
47,80
58,10
58,10
57,06
57,00
55,00
50,87
45,03
45,04
57,93
60,15
97,94
73,00
47,07
57,44
44,00
70,07
69,91
65,94
58,55
58,79
58,57
58,58
80,00
70,00
90,00
95,46
73,93
65,75
61,99
61,23
65,00
62,00
84,70
91,20
191,55
114,00
73,25
61,60
53,60
63,40
69,97
60,10
50,02
46,90
46,69
46,80
62,84
73,18
80,00
58,90
49,79
46,31
45,71
45,57
45,56
48,09
52,25
57,05
83,49
63,27
53,34
45,93
37,91
46,68
49,93
46,34
38,31
38,00
37,00
45,84
57,00
52,13
54,88
52,56
55,25
54,30
54,24
53,78
57,39
57,21
66,30
68,98
89,10
82,52
63,90
56,54
44,93
51,99
57,94
53,06
48,01
47,78
46,02
46,38
55,06
63,12
68,42
64,58
62,11
54,51
51,38
48,70
46,52
48,70
53,33
58,62
78,99
67,92
48,58
47,63
45,24
51,53
55,97
59,92
52,00
40,00
34,99
47,49
51,13
48,53
52,50
55,92
59,00
59,81
60,49
54,42
48,08
45,15
54,42
57,34
96,49
83,54
60,38
58,00
54,07
47,96
60,01
60,10
51,50
46,50
44,92
44,92
44,50
44,92
45,07
47,53
53,86
48,96
58,86
60,02
54,82
47,66
53,47
51,20
89,97
83,16
61,16
58,51
47,32
45,05
45,15
49,81
47,66
46,10
45,15
54,91
62,00
58,11
65,02
60,51
50,43
46,83
46,56
46,58
46,54
46,40
52,03
66,43
92,12
93,55
55,62
58,18
45,05
46,19
50,91
47,46
46,07
45,06
42,23
46,19
56,00
62,62
62,50
61,50
46,82
46,00
45,58
45,08
45,04
45,56
61,32
61,10
83,57
80,04
51,90
55,11
45,16
45,92
46,91
48,40
45,55
44,74
42,03
48,99
60,87
70,37
63,19
55,22
49,78
47,03
45,60
44,52
44,14
44,22
49,68
59,91
70,90
61,94
48,00
50,08
44,62
45,97
45,37
48,47
43,58
45,00
46,34
51,98
59,99
67,94
67,92
60,54
54,47
51,00
50,07
45,50
44,77
45,34
49,59
59,91
79,98
67,93
52,20
47,98
42,08
46,53
46,58
48,90
42,49
39,91
38,41
49,81
55,83
59,90
58,59
53,00
48,98
46,83
44,89
44,20
44,13
44,42
52,07
54,14
70,89
79,92
70,00
54,57
54,51
53,00
56,29
59,97
55,00
48,91
47,18
46,99
45,40
45,09
48,50
63,50
65,00
59,00
51,80
44,20
43,57
43,57
44,96
61,83
84,92
82,97
54,00
53,55
47,95
60,00
59,99
54,00
45,61
41,56
41,58
41,56
44,67
45,36
52,00
54,00
47,01
45,20
44,00
43,56
41,37
42,70
47,51
58,00
74,99
72,80
57,03
44,55
45,04
42,53
44,92
44,92
44,27
44,00
46,77
56,38
71,09
69,02
61,24
55,00
49,78
47,31
44,00
43,71
43,71
45,00
58,00
64,99
72,30
57,60
49,47
43,99
42,00
41,14
42,99
40,27
36,98
35,09
43,33
54,02
60,32
55,31
51,25
47,47
50,00
49,09
44,02
42,44
41,50
44,52
44,51
52,80
59,83
57,98
54,52
40,36
39,97
38,74
42,90
45,91
45,93
45,92
45,98
65,65
64,93
70,02
67,74
64,00
61,94
52,80
43,00
41,03
42,01
42,00
48,00
59,91
63,74
59,93
49,24
44,00
42,95
42,59
44,00
45,80
44,00
42,89
45,84
52,51
66,98
75,59
68,58
58,00
46,10
49,60
45,00
43,26
50,01
45,99
57,55
56,40
59,00
51,77
50,10
42,19
44,44
38,55
42,00
43,16
44,98
44,91
44,98
46,01
44,81
59,07
58,64
55,88
51,52
48,89
42,52
42,23
41,80
44,98
52,89
60,60
67,56
64,91
59,78
43,01
42,96
40,00
41,00
40,94
40,25
38,28
37,04
40,57
41,00
50,88
58,02
51,13
52,45
43,00
41,00
40,82
40,73
41,45
50,00
60,55
66,04
74,90
62,09
41,31
45,90
43,00
49,29
45,81
44,12
39,99
39,94
42,44
44,49
45,81
48,00
46,71
55,60
58,00
49,74
46,00
46,00
49,99
70,00
64,95
65,31
70,00
45,49
48,14
50,67
45,00
46,60
48,88
44,12
38,47
37,50
43,20
39,99
45,18
49,90
50,00
50,71
47,70
42,50
42,01
43,01
44,20
55,51
62,90
67,03
69,99
49,94
48,01
39,90
33,97
43,95
45,50
43,91
42,96
47,52
56,23
49,99
64,00
64,44
56,17
46,00
43,57
43,00
42,00
42,00
45,04
57,58
67,00
70,00
74,97
55,00
43,00
42,00
40,59
42,00
44,08
41,62
41,89
49,05
50,51
50,04
62,88
67,77
64,30
54,05
50,85
43,45
41,27
40,52
41,25
45,82
46,42
55,98
58,66
50,55
41,00
40,25
37,02
40,53
40,94
41,39
41,42
46,51
52,00
49,16
63,74
56,34
47,40
43,90
42,48
41,75
42,00
41,75
51,77
63,40
65,42
69,81
73,84
50,54
42,00
50,59
42,50
44,70
42,50
41,35
35,69
38,87
48,08
49,56
56,02
51,00
45,82
42,49
41,45
40,55
39,99
40,00
42,22
45,35
58,82
59,55
74,90
54,42
42,67
41,91
38,31
44,92
46,13
46,41
45,37
49,91
47,00
42,96
50,51
52,13
61,20
59,99
47,60
42,60
41,69
41,42
44,08
61,93
66,65
64,93
68,44
58,00
50,98
44,09
41,92
44,69
46,99
44,08
41,50
41,49
41,55
43,00
43,99
49,64
50,01
56,33
54,84
47,98
42,58
41,68
53,60
56,93
59,95
63,91
77,10
59,95
52,90
43,75
41,06
44,09
48,00
44,08
44,09
49,51
50,80
55,86
64,06
72,90
67,82
68,00
65,00
57,00
52,94
49,28
60,19
64,97
62,15
53,27
47,52
50,10
42,30
49,96
43,00
44,00
41,06
40,54
40,00
40,63
45,09
47,50
56,24
62,55
59,44
56,05
61,20
47,80
43,64
41,50
44,00
55,20
58,00
58,20
66,48
54,00
44,03
45,96
41,78
45,00
45,00
43,57
41,81
42,00
44,07
55,08
64,99
69,97
64,00
62,00
62,00
47,92
47,95
44,08
48,00
56,60
52,00
47,00
61,93
49,07
42,00
51,87
46,00
44,97
46,94
43,80
42,90
48,46
50,07
55,30
56,08
59,96
59,94
58,00
55,95
47,96
46,90
55,50
56,70
62,91
62,93
56,60
68,00
62,93
45,07
50,00
43,93
47,06
47,06
47,05
47,05
52,10
52,56
57,16
70,20
75,14
72,00
70,00
74,00
62,00
56,00
49,60
55,60
67,91
65,40
60,19
66,00
55,10
48,00
67,60
47,00
49,36
48,00
45,97
43,64
43,19
44,00
43,81
66,40
70,00
62,70
55,50
45,00
43,01
42,80
43,10
43,69
56,50
69,97
68,00
68,97
57,60
43,80
44,98
46,99
46,99
45,00
43,35
42,72
41,00
42,64
42,00
43,50
52,20
60,50
57,10
55,00
46,00
43,42
42,60
44,80
59,97
66,02
67,49
68,00
57,10
42,29
46,43
39,98
41,80
41,92
41,30
41,05
42,10
65,01
57,94
67,44
66,40
55,00
53,00
47,60
42,75
42,30
42,00
46,00
67,45
73,00
67,44
55,00
51,00
40,00
51,62
42,00
40,00
38,51
32,02
31,20
42,26
48,59
49,93
59,20
52,09
44,00
43,00
42,98
42,00
41,98
42,00
44,73
55,50
65,01
62,03
72,80
57,44
40,98
47,97
44,43
44,60
44,96
44,91
44,48
51,80
47,68
65,92
72,98
65,65
46,30
44,01
40,93
39,93
38,04
39,91
44,00
50,19
59,00
64,00
69,70
46,09
37,37
39,00
30,00
37,05
42,09
45,49
49,12
52,20
64,93
47,93
67,08
66,43
45,00
44,01
42,07
41,48
41,05
41,04
52,80
57,30
62,00
66,00
73,00
60,00
46,09
47,80
42,00
43,09
43,10
42,00
41,62
43,19
50,00
61,20
73,40
70,00
50,00
42,69
41,60
40,10
39,00
38,07
42,03
54,80
62,00
64,91
69,00
64,00
43,60
52,00
48,92
46,42
44,72
44,00
42,19
44,00
44,41
46,08
69,08
67,99
54,70
48,20
42,40
40,97
40,92
40,20
40,98
46,60
62,00
64,10
67,96
57,00
43,00
54,93
45,19
49,91
45,20
45,86
39,00
38,08
38,09
36,10
41,29
52,75
57,50
52,80
50,00
42,00
40,00
38,52
40,78
54,00
58,40
58,00
67,96
65,07
42,00
50,09
34,00
33,40
30,00
25,50
25,00
36,90
50,00
49,20
60,20
55,57
46,00
44,50
47,00
45,90
41,55
44,70
58,01
68,10
70,00
62,00
65,40
48,00
40,00
45,93
35,10
37,56
39,39
36,00
34,95
50,00
55,08
44,30
51,00
54,60
58,44
50,00
50,00
47,96
48,00
48,08
61,50
72,00
74,06
65,69
69,82
51,00
49,54
50,01
44,01
44,00
42,71
42,57
42,37
44,00
56,00
65,21
72,00
59,30
45,00
44,99
43,60
42,50
42,39
42,00
48,10
53,10
56,80
53,40
57,71
51,07
42,20
46,00
46,99
45,10
44,41
40,00
37,52
48,00
58,95
50,00
64,00
50,12
44,01
44,01
44,00
44,00
44,01
41,32
45,80
51,64
56,36
65,90
71,99
69,95
50,01
45,50
43,92
46,00
46,42
43,16
40,70
43,12
43,96
60,00
79,99
85,95
78,99
75,30
71,53
67,30
52,10
45,00
59,40
55,00
58,00
58,00
56,89
52,56
48,55
55,50
46,73
46,73
42,51
41,70
40,00
40,00
41,97
44,05
51,07
60,00
58,00
53,00
50,20
44,00
43,01
43,51
43,97
58,00
69,94
67,00
66,00
63,87
45,99
61,94
55,00
52,00
47,35
46,00
39,99
38,55
42,00
41,07
44,84
45,70
54,00
56,00
60,29
51,50
45,89
44,30
54,00
70,00
71,20
58,00
58,00
52,00
43,03
50,99
50,00
42,53
42,58
40,98
40,00
44,00
50,51
47,50
64,94
64,99
58,70
47,50
45,51
44,00
42,58
42,06
48,00
71,00
75,00
71,03
66,00
55,00
44,85
48,00
43,65
43,75
47,07
43,49
43,51
47,91
53,00
75,01
75,92
68,18
51,40
49,88
51,21
44,10
41,98
40,00
44,10
50,00
56,00
53,00
51,89
47,40
39,91
42,54
37,00
42,00
44,00
47,48
47,90
48,09
54,12
52,36
71,91
70,00
54,00
48,99
46,53
43,70
39,98
39,98
45,71
56,00
67,00
70,00
71,98
60,00
47,52
54,31
43,19
43,03
43,31
43,44
43,56
48,00
58,00
65,30
74,00
63,00
55,50
45,08
46,00
44,83
44,82
44,00
51,95
60,00
61,00
70,00
69,86
63,37
47,27
46,62
42,59
42,59
42,87
42,57
43,10
48,91
60,01
56,40
67,00
64,80
60,00
55,00
49,40
44,00
43,60
43,60
50,00
60,00
60,00
61,88
60,00
58,00
44,12
57,96
48,30
46,44
45,00
42,82
41,77
41,70
42,00
43,91
65,00
56,00
45,00
42,50
41,51
41,14
38,00
39,93
43,54
51,50
60,00
65,19
69,20
68,00
58,04
54,91
46,61
46,60
48,00
47,99
47,99
46,61
46,60
44,49
48,00
52,60
58,07
45,10
44,25
38,06
36,00
36,00
42,73
44,55
51,45
60,00
70,00
79,92
56,91
55,00
47,99
49,92
48,00
46,43
46,45
46,00
44,95
45,10
49,99
52,70
50,00
44,00
43,00
42,47
40,60
42,80
43,90
51,00
62,00
67,00
67,91
71,30
52,00
46,70
46,10
43,40
43,30
42,53
42,52
42,67
47,70
66,00
67,00
56,00
44,11
43,75
43,40
42,40
38,56
42,96
50,49
64,01
64,00
63,00
66,00
67,86
44,10
49,67
43,89
44,38
43,89
43,89
43,56
45,88
53,86
66,16
69,41
51,93
44,18
42,89
42,69
40,00
39,99
42,05
44,88
56,70
62,00
65,62
64,06
62,84
47,48
58,00
47,90
44,90
43,70
39,01
38,00
43,66
49,70
65,00
67,00
55,00
45,70
45,71
49,40
48,20
48,00
45,71
54,00
56,30
65,01
70,80
71,89
70,00
52,00
78,00
64,00
49,99
47,74
41,60
37,99
43,07
46,70
66,50
65,30
50,29
44,00
43,48
41,00
40,00
39,96
39,91
44,23
49,41
55,66
64,62
68,00
70,00
53,01
43,81
43,15
43,00
43,91
46,00
46,00
46,01
46,00
43,97
52,00
58,00
60,00
58,00
50,60
46,19
44,00
43,19
49,60
58,00
69,00
64,40
65,80
64,00
53,00
56,00
49,70
48,73
47,99
45,80
45,80
44,32
44,21
44,04
44,80
48,50
58,60
62,00
56,00
48,00
46,22
44,50
46,23
52,20
57,00
61,95
63,50
61,00
44,10
48,72
45,85
45,00
45,00
44,00
40,95
43,03
48,72
62,00
68,30
58,00
46,22
45,20
44,70
44,55
44,36
44,45
50,00
63,00
64,00
71,09
69,91
66,00
45,10
55,00
46,60
46,00
44,00
42,96
42,94
44,10
57,00
65,10
70,20
63,40
54,00
49,10
45,98
45,91
45,78
45,06
54,00
65,00
64,00
63,00
51,20
51,40
41,40
59,00
51,90
49,95
46,40
41,91
41,09
46,00
53,76
51,96
62,99
67,00
58,10
60,00
57,04
52,00
47,55
50,00
65,00
70,00
72,60
68,00
60,00
62,00
45,70
57,00
46,02
45,00
44,82
44,32
44,31
44,50
52,03
55,09
68,00
58,00
48,00
45,56
45,54
45,50
45,50
44,00
49,10
60,60
68,00
70,00
67,40
71,95
46,51
62,55
46,74
45,51
45,30
43,73
43,74
44,74
54,08
54,36
70,00
65,80
55,01
48,23
47,01
48,00
46,33
46,63
50,00
65,70
70,30
71,30
67,10
66,00
53,30
65,50
48,58
57,10
54,90
49,60
48,00
45,32
43,00
55,60
66,07
68,01
63,43
49,92
45,50
41,11
40,05
41,90
44,90
52,30
63,60
71,92
69,93
69,30
54,06
58,00
54,00
59,00
52,60
46,00
40,00
40,00
40,00
46,97
50,00
49,99
60,06
47,24
47,24
50,50
47,24
45,00
47,24
58,00
64,30
70,00
72,00
76,50
67,40
59,90
46,00
46,00
44,00
42,00
41,50
43,70
58,00
53,80
68,50
59,70
54,00
50,00
50,46
50,01
47,24
47,24
62,40
74,00
74,36
66,00
59,50
57,40
46,20
59,99
49,90
45,37
42,13
41,92
41,00
42,40
49,37
53,49
63,63
54,68
51,20
52,03
56,00
52,90
53,00
53,10
57,00
67,40
69,00
73,00
64,00
66,00
48,55
56,07
49,90
47,52
46,70
46,70
43,30
47,39
52,70
59,75
76,50
63,26
52,89
48,93
48,93
47,57
47,02
48,00
49,43
68,00
74,30
73,73
58,90
60,00
48,00
56,63
51,95
47,28
47,00
47,00
46,70
47,02
52,07
51,00
70,10
72,60
61,80
54,80
53,60
49,96
49,07
48,87
65,60
71,94
70,70
65,40
58,00
56,63
50,00
64,00
59,90
50,00
48,00
47,05
46,00
44,00
55,00
61,00
75,70
77,78
72,00
63,25
58,00
49,22
48,08
47,80
49,22
55,10
67,00
68,00
59,00
62,00
54,00
70,09
59,97
55,00
55,00
49,20
42,00
40,07
45,06
49,94
70,00
75,98
75,91
58,00
48,00
46,00
42,93
44,00
46,10
52,30
69,60
65,50
60,00
55,50
46,50
57,37
41,97
34,00
27,99
31,60
24,65
22,41
25,60
28,20
34,00
46,00
55,00
57,00
59,00
48,00
44,00
46,20
58,00
63,09
51,00
62,00
64,00
78,00
70,00
80,00
50,00
63,20
54,60
47,70
47,60
52,00
76,52
48,76
56,05
64,00
68,50
61,80
58,14
58,52
52,60
58,00
63,52
70,00
72,68
70,11
61,00
61,45
47,40
56,00
51,92
45,90
45,50
40,83
38,00
41,03
47,57
52,50
70,00
72,88
66,79
60,00
55,90
50,00
46,86
49,99
60,00
63,09
61,40
61,90
52,00
60,00
46,86
56,03
47,86
46,10
45,53
45,30
45,30
47,35
58,80
49,93
67,50
63,60
62,10
64,70
67,41
59,90
59,40
60,00
73,54
72,01
72,00
65,90
58,22
62,00
50,45
56,07
52,96
50,00
48,12
48,00
48,00
48,20
57,04
52,00
69,40
73,38
70,00
62,00
64,00
50,95
49,96
55,00
67,95
72,19
70,00
67,78
55,99
52,00
48,10
60,00
53,80
48,70
48,10
47,56
47,00
48,89
57,54
54,90
70,00
78,00
74,00
66,34
63,00
56,00
50,76
50,22
59,20
65,00
62,00
70,00
58,00
60,20
54,22
64,00
50,70
53,70
47,20
46,00
44,00
44,07
45,69
47,03
52,00
74,00
70,00
64,10
53,36
47,40
46,50
46,50
48,08
56,50
70,01
76,00
72,43
72,00
55,00
64,00
51,99
51,99
52,70
47,09
42,00
41,00
43,90
42,00
44,80
53,96
55,40
56,60
61,00
48,00
47,03
47,59
54,40
54,00
67,00
74,80
71,70
71,70
62,97
60,05
47,57
47,14
45,46
45,06
42,67
47,95
55,30
55,01
61,16
69,00
74,00
72,04
68,00
57,14
48,09
47,76
67,46
71,96
71,94
62,00
50,00
59,42
47,48
57,07
48,28
46,58
44,00
43,00
42,10
46,14
57,00
56,29
64,00
73,31
70,97
62,62
60,00
50,33
48,14
47,84
49,60
60,00
61,23
61,10
53,10
60,00
48,29
60,01
49,66
49,01
47,96
44,97
44,00
47,99
54,80
58,55
75,00
72,00
64,05
55,21
56,00
51,20
48,97
52,71
61,94
70,01
75,00
75,00
69,95
55,80
48,70
62,00
48,50
46,80
45,40
37,92
37,95
45,31
53,00
55,01
63,08
62,00
61,37
58,00
57,41
50,89
49,97
48,59
58,00
70,90
66,10
71,83
59,38
60,47
47,82
55,70
49,10
46,40
45,20
45,27
41,07
46,40
52,00
55,96
68,00
71,56
70,01
67,89
65,00
58,00
48,00
47,41
60,00
64,00
63,00
64,00
54,00
54,00
47,95
60,01
58,00
55,80
47,20
46,00
43,00
40,98
45,55
45,09
55,80
68,00
65,80
64,00
49,51
46,88
46,10
46,60
48,20
66,00
79,00
73,20
65,00
61,60
51,30
64,00
55,04
49,00
48,96
46,98
46,00
44,17
45,00
46,00
46,50
60,00
60,00
60,00
52,41
46,50
45,50
45,40
52,38
55,00
73,00
74,20
70,60
66,00
52,72
56,52
47,99
46,00
46,09
46,00
44,00
47,77
50,89
58,12
72,00
76,00
65,02
54,00
53,01
47,40
46,00
46,00
47,90
64,98
64,97
58,00
48,00
52,99
45,61
54,90
46,80
45,86
43,50
40,60
40,00
44,00
50,00
53,65
65,00
69,00
58,30
58,00
54,00
48,98
46,80
46,79
55,10
69,96
70,00
61,95
52,00
53,82
51,00
55,30
50,91
46,50
45,98
41,90
41,04
43,74
55,00
59,00
74,96
70,00
56,00
52,00
48,10
53,40
46,00
46,10
56,00
55,00
52,93
55,03
48,02
54,00
46,94
42,40
34,96
34,41
27,37
24,43
28,46
32,00
43,91
53,10
60,01
54,49
53,82
50,00
45,20
41,69
40,00
37,60
48,00
60,00
60,99
59,60
66,65
70,00
61,70
55,03
60,06
56,00
48,74
45,26
44,90
51,07
55,09
55,74
57,90
60,00
56,00
50,57
53,65
51,42
50,37
48,00
60,29
69,90
72,02
72,28
63,00
58,02
52,67
55,30
55,01
58,89
53,82
46,22
45,00
40,70
47,05
43,00
50,00
68,00
66,00
59,20
52,70
47,02
46,00
40,95
46,00
52,48
64,90
70,00
69,81
69,77
57,00
58,00
53,94
52,95
51,56
45,94
40,56
35,28
42,57
25,17
39,70
51,25
57,90
59,50
56,60
52,00
46,24
45,00
47,50
67,48
70,00
70,05
70,00
60,19
45,97
55,80
46,49
40,58
38,00
35,00
35,00
41,77
58,00
60,00
70,19
70,70
63,00
56,80
49,44
47,20
45,98
45,99
47,20
60,00
57,40
55,00
51,70
49,99
46,97
55,20
48,79
41,93
40,05
44,91
46,90
53,36
60,00
50,20
59,70
67,53
69,98
69,54
66,00
57,45
50,60
50,00
66,00
68,00
65,01
60,00
53,65
53,35
51,00
57,00
55,00
44,95
40,00
36,93
38,49
41,98
51,99
47,91
53,16
55,93
52,00
52,00
52,54
47,80
47,04
47,04
60,60
71,00
74,98
65,00
53,00
50,60
48,00
64,40
55,00
48,93
37,30
34,92
32,06
38,70
50,98
52,05
60,00
56,09
53,00
50,21
48,20
48,00
47,97
45,74
52,70
57,11
69,90
65,10
65,00
65,00
56,00
55,05
51,98
43,40
41,00
39,94
39,92
40,03
55,01
50,00
65,30
65,29
54,27
49,50
45,45
45,44
44,74
45,44
55,50
63,30
71,79
69,91
65,00
55,00
47,97
56,50
52,04
49,60
44,94
43,89
43,06
40,00
45,00
44,96
56,00
58,80
57,00
49,00
44,06
43,20
43,03
43,38
45,00
56,80
63,00
63,00
64,00
60,00
60,00
55,02
49,20
51,09
52,00
45,94
43,50
41,10
43,19
43,71
48,00
50,90
56,80
56,00
56,00
48,08
44,64
46,01
49,00
51,40
67,91
68,00
68,75
65,00
57,20
52,70
50,97
49,08
45,74
45,49
45,29
45,98
51,00
53,90
58,10
60,40
51,88
50,00
46,07
46,00
45,64
46,06
62,99
70,00
78,03
74,92
71,70
68,82
52,00
55,90
49,00
45,97
45,46
44,30
43,92
45,80
54,92
60,70
67,00
65,00
54,40
47,90
45,71
45,06
44,39
45,62
64,02
72,00
80,00
73,00
64,00
57,99
48,00
53,70
46,00
45,15
42,53
43,17
42,48
45,78
51,19
54,99
59,52
60,00
56,00
54,00
53,10
48,45
47,01
50,70
62,00
71,00
73,23
65,10
53,50
54,00
47,00
51,00
46,85
44,56
43,00
43,68
42,93
46,78
50,10
54,21
62,70
63,48
57,68
52,70
49,00
48,97
48,93
47,94
66,00
74,00
76,00
71,00
65,02
56,00
46,52
55,09
50,00
46,78
45,98
45,83
44,90
45,92
49,50
56,93
72,20
69,97
62,00
54,09
48,93
46,64
46,63
46,62
54,00
65,00
70,00
62,60
50,70
54,00
48,79
56,00
49,92
46,50
45,00
43,90
41,59
41,30
45,00
50,03
70,00
76,86
71,70
55,80
44,13
41,50
40,17
36,44
41,56
46,10
58,90
64,00
58,15
53,60
45,92
66,40
54,00
54,00
47,20
42,99
44,00
42,72
44,00
46,92
52,00
49,91
61,02
60,00
50,00
43,90
40,00
43,10
54,20
53,00
62,00
64,20
70,00
64,56
57,93
63,40
44,00
38,50
41,20
44,00
43,90
45,21
52,00
49,81
55,00
58,16
59,90
59,00
56,40
52,27
54,20
55,60
58,00
65,00
66,30
70,00
51,10
49,78
46,48
55,01
46,90
46,00
44,32
45,99
45,00
45,85
52,93
56,09
57,09
57,06
57,10
56,89
56,66
56,20
56,09
57,87
69,70
70,90
73,77
70,00
62,00
58,90
55,69
54,01
48,42
47,00
45,98
45,85
45,88
47,86
55,01
56,66
63,76
66,71
63,76
65,00
64,87
64,50
61,50
63,67
73,78
71,00
74,90
69,00
62,07
58,00
53,07
63,93
49,68
45,79
45,32
42,96
42,94
47,00
52,39
55,57
60,00
62,00
56,00
55,79
55,59
53,00
50,22
50,00
67,00
72,80
75,05
68,96
56,00
58,00
56,19
58,08
48,49
46,98
46,60
46,05
45,01
46,60
54,00
51,47
62,10
65,20
56,00
54,69
50,00
52,54
50,00
47,91
60,00
66,10
71,91
66,09
59,40
60,00
51,81
66,00
49,95
48,08
47,10
47,99
46,93
46,94
48,11
50,41
60,00
68,00
58,00
48,92
48,00
48,76
46,62
47,02
48,60
65,00
77,93
74,46
68,10
67,98
62,00
67,01
50,42
50,00
46,70
48,00
47,92
45,00
47,00
46,00
48,00
50,00
55,00
57,00
59,70
55,00
49,00
45,11
55,40
54,00
71,96
73,29
75,00
74,80
64,00
64,84
53,60
51,94
48,90
48,56
48,36
48,69
56,00
49,91
66,80
72,00
62,00
64,80
66,00
56,80
52,80
53,70
62,00
73,40
75,10
66,00
52,44
56,70
50,00
55,30
48,80
48,12
46,47
45,03
42,15
46,03
51,44
53,06
57,99
69,26
56,92
56,04
59,97
51,98
50,16
49,45
62,70
73,46
71,93
68,91
55,04
60,00
49,05
58,00
47,03
44,93
44,95
46,83
47,52
47,53
63,20
52,46
58,80
68,90
56,00
56,00
57,00
52,00
50,00
51,00
70,20
79,96
77,93
72,00
65,00
61,40
47,30
56,30
46,94
46,50
48,00
46,50
46,55
46,50
52,78
63,00
73,99
70,00
60,00
53,50
58,80
51,00
50,76
50,40
70,99
79,91
75,06
68,80
59,80
62,00
49,03
64,00
47,93
47,40
47,00
46,94
47,00
47,17
52,55
52,82
73,97
76,40
67,00
62,80
62,02
50,00
48,07
48,24
55,64
72,70
72,73
67,73
52,00
57,09
54,40
66,09
48,91
49,30
47,97
47,80
46,93
43,00
44,00
50,03
68,00
74,38
62,94
50,00
46,58
46,30
44,50
46,03
46,30
62,00
70,07
73,91
71,50
70,31
61,00
60,00
53,55
48,00
46,95
46,98
46,95
46,00
47,96
47,91
52,13
53,00
56,00
54,00
60,00
50,00
46,58
50,00
52,80
56,80
75,00
75,00
76,91
76,92
59,00
55,60
49,50
47,93
47,00
47,00
47,50
48,92
53,00
54,19
72,00
74,96
64,00
65,00
65,00
54,00
50,55
58,00
72,00
78,99
78,00
77,90
72,00
67,00
50,00
68,00
49,96
48,51
47,96
47,48
47,42
47,75
52,95
54,05
70,98
75,00
60,00
62,10
60,00
52,11
50,90
51,60
64,00
76,10
74,00
77,90
69,90
59,30
52,01
64,00
47,93
47,08
46,43
45,90
46,40
46,57
53,07
54,00
65,00
66,00
60,00
61,20
62,00
56,21
53,93
58,50
71,93
79,95
79,93
74,60
66,00
64,00
55,00
61,20
48,58
47,00
46,80
46,79
46,80
47,07
51,76
56,00
73,00
75,70
64,20
62,00
61,90
56,00
50,47
52,50
68,00
75,00
77,50
70,96
61,00
59,00
51,05
60,92
49,91
48,40
47,80
47,52
48,00
48,27
53,00
53,30
66,00
74,00
61,30
58,00
58,50
55,00
50,80
56,00
65,00
79,94
79,00
68,86
59,50
63,80
52,07
63,04
50,93
50,20
48,10
47,90
47,48
47,09
46,23
50,07
64,00
70,00
65,01
65,00
59,12
48,04
48,00
47,54
49,10
65,06
73,62
74,91
71,40
71,97
62,00
63,60
52,38
54,00
48,00
46,87
46,90
45,66
46,48
46,19
46,33
54,00
53,53
53,00
63,49
53,00
46,00
47,56
52,00
60,00
69,90
74,93
78,70
76,37
72,99
58,00
48,57
46,23
47,50
46,94
46,82
48,39
54,14
55,04
58,80
70,10
64,00
60,00
61,60
52,96
50,69
51,26
69,09
77,80
74,00
68,80
60,45
59,00
52,81
56,90
48,53
48,00
47,49
47,40
47,57
49,24
55,70
57,79
70,00
71,98
61,00
59,18
60,00
59,00
52,99
53,46
68,20
75,73
75,73
71,30
59,00
59,40
52,90
62,99
50,00
48,04
47,42
46,90
47,02
50,82
57,43
59,29
62,00
66,11
59,62
55,58
57,40
55,12
54,20
62,28
70,00
75,00
76,97
70,00
60,00
60,00
51,66
58,00
50,90
47,52
46,90
43,57
43,54
47,60
52,80
58,34
60,00
65,10
66,33
66,22
62,46
62,00
58,56
64,61
70,00
68,31
71,49
69,20
65,70
73,00
62,02
55,03
49,92
46,99
46,40
46,29
46,40
48,07
55,37
56,77
65,40
72,30
70,00
65,00
60,00
59,04
55,06
58,00
68,56
70,00
72,90
66,00
59,00
68,00
55,09
73,00
59,00
89,99
59,00
47,43
45,98
44,91
44,17
46,20
59,64
65,54
54,00
49,59
42,00
38,30
38,00
38,54
41,00
45,45
48,40
54,00
60,00
70,00
56,70
43,26
38,76
37,72
36,50
36,75
36,75
36,40
35,02
35,07
35,10
37,94
50,40
53,90
56,00
51,80
48,30
50,36
64,00
65,00
70,01
70,00
73,40
78,00
70,00
65,01
57,61
49,00
45,00
43,95
47,50
47,97
53,65
55,27
56,00
63,06
59,00
53,07
53,00
50,00
50,00
51,05
62,07
78,00
79,98
74,37
65,00
65,00
52,00
54,99
47,60
47,10
47,00
46,00
46,94
47,64
56,94
62,00
77,97
73,98
58,47
52,00
49,99
48,52
48,74
49,24
56,00
61,10
72,93
70,00
67,00
66,00
50,29
54,09
50,20
49,19
50,41
49,04
50,00
49,03
56,50
55,22
64,00
66,00
58,00
53,50
54,00
54,98
55,06
53,51
65,00
74,95
75,20
74,98
69,00
62,00
49,40
56,00
48,99
46,99
44,78
46,91
46,95
48,69
56,69
58,00
60,00
60,29
59,64
58,87
57,68
58,00
56,84
57,88
62,97
74,71
75,00
74,93
65,70
61,56
56,85
55,30
49,06
47,00
46,42
46,00
46,49
53,36
61,59
62,91
64,32
67,90
64,08
64,33
64,00
63,63
58,66
59,92
63,82
65,00
69,90
64,40
63,63
61,31
53,66
63,80
53,10
48,84
47,60
44,99
44,70
45,58
47,46
50,00
55,00
69,97
63,80
52,90
48,54
48,30
46,50
48,01
48,30
59,90
69,92
73,30
73,94
75,39
66,94
59,57
52,95
47,98
46,96
45,46
45,49
45,42
45,00
52,50
46,61
60,00
65,69
63,30
62,00
54,00
46,00
48,00
49,30
64,00
74,00
78,00
75,00
74,50
62,00
58,00
47,50
45,52
44,96
44,93
44,98
49,44
59,03
59,00
62,12
59,94
58,59
56,69
54,28
54,93
57,30
60,90
65,19
67,29
78,10
74,93
68,01
65,09
60,00
57,22
49,10
47,00
46,00
45,52
47,01
52,92
58,82
60,00
64,28
62,97
62,00
61,07
60,00
59,00
58,34
61,32
64,00
68,83
70,00
69,00
62,04
61,06
52,09
68,00
50,00
48,80
48,16
46,97
46,95
48,45
54,10
59,95
67,80
69,97
62,41
54,00
52,00
49,83
49,51
50,28
58,02
67,90
70,00
69,94
69,70
64,00
59,87
59,45
50,55
50,00
48,00
45,00
46,00
50,56
57,16
61,13
74,50
72,00
66,00
60,00
56,00
53,32
51,90
50,50
55,00
68,00
72,00
73,00
68,70
67,90
50,04
62,06
53,83
49,42
48,91
48,11
47,00
49,10
54,86
54,95
73,04
73,99
69,95
61,50
59,00
51,60
49,67
49,68
52,00
64,00
68,00
66,00
61,27
65,00
53,00
64,91
52,94
49,98
49,91
49,00
49,91
49,90
54,00
49,00
60,00
73,92
71,50
69,93
64,00
56,55
48,10
50,14
65,00
72,20
75,94
65,00
56,09
57,00
53,63
67,10
53,00
52,85
47,00
47,00
48,75
48,78
53,00
44,00
55,05
50,37
58,00
65,50
67,97
65,30
65,50
55,20
67,90
68,00
70,00
70,00
72,30
70,00
67,00
63,64
55,00
51,00
51,00
50,91
50,97
50,95
56,13
56,78
63,12
73,35
69,97
66,00
64,00
56,00
51,85
53,67
58,00
73,58
74,73
74,72
72,91
68,00
49,99
60,00
51,93
51,02
50,30
50,00
50,09
51,09
56,79
64,00
80,00
78,00
70,00
66,39
66,00
60,00
53,00
56,00
58,00
66,00
68,00
70,00
67,00
66,00
55,13
60,06
55,93
52,10
51,29
47,09
49,90
50,90
53,93
58,30
78,64
79,95
69,20
62,00
57,50
52,53
51,06
52,08
59,00
62,30
66,00
59,77
59,61
58,53
50,90
58,00
51,96
50,97
49,94
48,91
48,99
53,00
57,02
58,00
74,42
72,20
60,00
54,99
52,40
50,00
46,99
48,44
57,32
63,30
70,00
74,90
78,99
75,00
55,11
59,93
51,97
50,00
48,00
47,08
49,98
52,26
58,05
60,80
80,00
78,00
70,00
57,17
54,68
55,00
50,11
52,78
58,12
65,00
66,33
66,80
60,20
59,00
50,00
57,58
51,19
45,23
43,62
41,50
41,18
43,93
45,41
49,91
53,07
65,00
68,00
58,00
63,10
50,90
47,99
47,49
65,00
58,00
75,05
82,30
82,00
81,90
64,00
67,20
60,69
53,90
50,00
50,00
47,95
46,46
41,94
45,00
45,00
54,92
63,00
66,30
65,18
60,00
52,80
63,60
70,20
59,95
74,00
80,00
82,50
82,00
61,58
72,80
51,05
50,84
50,57
51,93
51,97
57,20
64,50
59,33
75,29
86,00
80,04
87,80
84,98
78,40
74,00
70,00
80,04
93,00
90,00
81,00
75,03
70,00
60,28
58,67
53,91
50,99
50,40
50,30
50,50
59,60
63,70
67,85
77,40
84,00
79,00
78,54
66,28
64,65
63,32
63,26
65,19
68,67
70,16
69,26
65,94
61,00
55,08
61,91
53,96
47,87
46,00
46,47
50,66
60,75
64,38
63,10
66,34
67,80
65,00
69,40
66,00
65,92
65,93
64,99
69,41
71,45
77,73
74,57
70,20
68,18
62,01
62,51
56,86
50,73
49,06
49,60
50,54
61,37
64,13
68,39
85,94
81,54
67,49
64,44
62,04
60,52
58,86
60,26
64,44
67,22
68,25
68,30
67,03
64,34
56,22
64,00
49,59
47,60
45,96
45,66
47,02
56,37
61,99
63,27
72,57
74,00
62,44
62,07
60,00
57,63
56,01
55,00
59,07
72,00
77,00
77,54
80,00
70,60
59,50
69,99
54,30
49,83
47,68
47,31
47,46
49,99
55,00
53,99
63,00
60,05
65,70
62,90
57,00
54,30
53,71
57,50
63,70
65,00
80,70
86,47
89,77
86,10
72,00
80,00
62,00
65,00
60,00
56,40
52,90
52,93
52,90
50,00
46,78
64,00
75,00
70,00
66,20
48,00
40,00
46,00
65,20
78,10
76,00
71,90
74,90
58,58
52,42
44,50
41,92
32,83
26,59
30,00
29,96
45,67
51,84
51,16
59,41
59,16
58,13
60,42
59,49
59,07
58,50
59,91
64,88
65,47
67,90
71,51
84,00
74,92
63,28
64,70
63,00
54,04
53,66
53,36
54,00
59,90
65,28
66,84
71,00
70,00
65,92
64,99
62,48
62,75
62,17
63,65
67,09
79,95
84,90
83,60
80,75
66,80
60,00
62,92
56,40
53,99
53,95
53,94
53,94
61,96
66,78
67,90
71,07
73,91
69,86
69,61
69,77
68,69
65,96
65,99
67,00
70,27
70,01
78,11
82,99
64,82
57,96
64,00
56,60
53,97
53,91
54,14
55,90
59,47
66,14
67,60
71,15
72,00
69,09
68,82
69,50
68,39
68,39
67,61
69,80
86,49
89,00
87,00
86,94
70,01
61,36
62,99
59,70
54,50
54,46
54,44
54,44
58,99
63,34
67,60
78,99
79,00
67,58
66,67
65,29
64,43
60,00
61,50
64,62
66,70
79,99
82,00
82,01
64,35
60,00
67,60
59,70
54,92
51,60
50,00
54,00
54,74
59,94
56,35
61,52
74,37
75,00
76,30
66,00
60,00
55,90
55,00
61,00
75,00
85,00
85,00
85,00
66,40
59,93
70,00
64,04
57,96
59,96
52,96
51,92
46,90
52,09
45,92
52,02
66,00
66,00
62,00
60,00
57,00
52,06
52,00
60,00
58,30
70,00
88,00
95,00
77,91
57,94
69,03
57,04
53,38
51,56
50,00
49,80
61,55
66,58
67,53
68,34
72,33
68,06
65,76
64,00
62,00
60,07
63,00
73,90
82,11
87,93
82,30
84,00
58,98
57,50
68,04
57,92
56,57
55,91
52,06
50,70
59,98
67,32
68,86
71,00
75,10
68,21
66,29
65,03
63,89
63,65
65,01
76,94
87,30
87,34
77,90
76,20
63,89
57,00
66,01
57,00
53,94
53,96
52,06
52,02
65,91
69,81
70,84
74,44
79,09
71,10
69,37
66,49
66,00
64,00
68,20
70,60
80,00
83,94
82,34
83,10
64,61
57,90
65,00
59,99
57,95
55,92
53,96
54,06
63,79
67,08
68,02
72,88
74,81
69,49
67,96
67,60
64,96
64,28
65,75
70,00
82,00
82,00
78,00
78,00
68,00
57,32
67,00
60,94
57,95
56,94
55,00
54,97
60,94
68,23
74,15
83,51
79,00
70,00
65,48
62,00
59,00
56,41
55,99
60,70
78,62
87,92
90,00
91,50
78,00
60,21
72,03
74,00
65,00
59,98
58,50
58,43
58,49
60,80
64,95
69,40
80,00
79,00
78,00
74,37
63,90
57,00
57,53
63,09
76,30
83,50
86,00
84,96
74,33
61,34
80,00
70,11
57,95
60,94
56,00
55,00
54,99
49,00
58,00
60,38
76,00
79,94
77,90
67,02
59,50
53,60
50,00
59,50
67,30
81,70
89,99
90,50
70,00
61,54
64,00
56,00
52,99
52,00
46,00
52,96
64,66
71,10
69,21
74,70
76,97
72,03
72,10
67,00
60,00
60,00
63,00
75,30
90,00
94,91
90,00
81,30
64,37
53,87
51,60
45,58
42,16
40,00
36,78
42,30
56,64
66,40
67,70
70,89
71,02
65,18
68,06
75,00
67,84
64,58
70,66
79,00
79,93
86,00
88,86
86,00
67,53
61,01
71,70
60,20
54,92
53,50
52,98
54,90
67,00
74,46
69,30
76,00
78,16
73,04
75,00
73,90
71,10
66,04
63,14
77,00
88,00
92,00
90,00
89,95
69,05
61,60
75,06
65,05
59,68
54,56
53,94
53,97
65,69
72,37
74,02
72,86
71,87
67,59
66,65
65,48
65,14
64,40
63,40
68,96
71,40
83,90
91,12
89,93
73,36
64,00
74,53
65,00
62,00
57,91
55,91
54,05
64,62
68,50
72,00
79,59
76,40
69,71
66,15
61,80
60,08
59,01
57,45
65,00
72,00
80,00
87,98
86,02
70,00
64,06
68,75
57,92
53,98
52,02
50,20
54,96
59,97
68,00
61,92
69,10
80,00
78,99
70,00
68,00
55,07
54,92
56,52
60,00
75,04
84,97
86,00
77,00
60,80
56,60
53,97
45,51
40,47
34,09
30,32
25,00
28,56
32,10
38,40
41,63
51,00
74,93
58,00
66,00
67,20
66,90
60,85
65,97
70,80
86,91
92,00
89,99
75,20
61,90
63,84
56,20
53,03
56,92
56,00
56,94
64,04
70,00
80,00
85,00
84,93
73,00
63,20
60,86
58,52
58,50
59,04
65,11
70,00
72,79
74,44
64,00
56,00
20,00
59,93
49,96
40,49
37,76
39,50
41,91
55,32
70,10
84,08
85,50
84,00
78,99
61,00
55,48
54,00
51,34
52,81
61,05
73,08
79,92
85,90
81,00
61,99
56,14
44,02
38,44
29,91
25,50
26,00
31,50
54,88
69,20
76,78
84,49
74,99
66,77
61,07
67,00
66,00
57,50
61,00
72,07
81,60
88,53
87,70
80,70
61,00
53,26
45,77
38,25
36,71
36,53
39,05
44,81
61,22
69,29
69,02
68,65
73,03
71,95
73,10
71,98
66,50
66,50
73,10
81,40
80,99
84,00
81,65
69,00
63,00
56,60
78,40
60,00
54,93
38,60
29,97
31,86
51,95
70,00
84,93
90,70
83,16
70,00
63,43
60,89
58,20
56,98
58,03
62,20
68,00
79,70
89,93
84,93
70,00
62,42
58,00
50,89
49,59
43,30
36,68
37,99
41,98
52,80
60,00
68,90
80,30
68,60
66,90
69,99
69,20
75,08
62,29
69,76
90,00
99,92
100,06
90,00
69,00
64,01
80,07
71,00
69,10
70,00
69,70
64,99
65,04
68,71
64,01
68,00
88,10
90,11
78,79
69,84
60,20
50,00
53,60
57,54
70,00
85,37
95,00
90,00
73,40
67,91
59,91
51,16
64,54
64,32
65,00
74,94
74,60
78,03
74,30
83,10
75,10
68,41
65,21
65,08
64,15
63,58
63,14
71,70
83,70
98,01
110,00
93,83
70,00
66,70
75,03
65,00
64,00
63,59
62,90
62,00
63,80
71,14
109,00
100,11
82,00
69,20
62,08
61,00
58,00
57,00
59,46
65,60
72,80
82,31
94,93
79,00
63,92
54,15
69,94
53,47
50,19
44,09
40,10
45,67
55,38
70,00
84,00
90,00
76,60
66,40
62,14
59,59
60,00
60,04
60,40
65,70
69,18
83,92
105,90
85,23
67,93
62,98
74,35
66,92
61,20
56,99
56,10
56,55
61,19
68,58
83,10
96,11
73,00
64,80
60,04
60,00
59,56
60,00
63,00
68,70
77,40
89,86
100,00
80,00
65,96
64,94
62,99
60,99
58,95
58,97
58,90
57,70
61,99
71,23
75,41
87,81
84,80
67,00
61,80
60,00
58,08
58,00
58,59
67,20
68,00
86,50
96,98
76,30
69,00
65,10
75,30
68,70
71,30
62,83
60,06
58,40
53,47
63,91
73,40
93,50
85,33
73,80
58,09
56,91
50,29
49,55
52,92
58,60
72,16
85,32
101,75
79,87
63,00
59,97
73,90
70,50
68,80
60,00
58,95
57,97
58,98
61,91
59,00
69,96
78,40
79,00
72,00
67,10
65,80
59,00
58,00
61,55
70,00
86,00
99,92
81,00
63,00
55,92
54,79
51,63
49,00
54,19
60,94
61,99
66,05
71,16
78,20
88,18
76,00
66,21
64,00
67,70
67,88
58,82
64,00
72,00
82,00
90,00
93,65
70,00
60,00
54,36
53,81
51,84
44,90
42,15
41,93
43,98
52,00
63,76
64,48
68,69
67,06
61,19
62,09
60,72
59,42
58,00
56,45
60,10
67,28
83,00
89,95
73,00
63,65
59,24
56,23
54,00
54,91
55,10
64,90
65,00
70,00
77,00
78,00
85,00
78,99
69,88
68,78
68,94
65,00
62,03
58,70
67,38
72,00
89,81
88,86
71,74
66,69
59,94
67,93
54,95
54,42
54,49
56,30
56,30
67,98
73,16
73,94
74,93
72,07
66,80
65,14
61,72
58,47
55,57
59,57
68,14
73,25
82,96
90,00
72,65
69,36
64,80
64,97
59,14
56,64
56,30
55,00
55,00
59,05
71,74
72,58
76,50
73,30
68,05
67,95
59,59
59,57
58,51
58,52
68,52
75,20
88,71
93,70
72,46
61,95
57,01
71,93
62,76
59,09
56,58
54,93
54,91
53,99
56,70
57,76
74,00
86,00
86,96
83,60
78,99
66,00
56,99
55,00
58,00
65,51
83,71
86,98
65,42
64,53
58,53
78,00
65,00
66,56
66,00
60,43
58,96
58,95
60,22
61,65
69,00
79,00
74,00
65,00
56,80
47,57
49,00
52,54
57,00
72,60
89,14
92,00
78,57
62,11
57,53
50,22
46,29
44,17
42,53
43,08
47,99
56,56
71,87
74,27
76,02
73,17
65,50
64,43
62,50
59,36
57,82
57,48
67,31
77,26
91,92
89,45
70,38
63,69
60,75
61,64
52,27
51,00
47,32
50,18
54,68
66,83
80,08
84,74
82,70
72,36
61,99
61,86
60,96
57,29
57,74
60,78
71,44
80,98
99,22
85,21
72,66
62,96
56,52
58,43
53,98
54,98
55,67
58,00
63,41
65,35
79,71
86,00
90,00
76,00
67,00
65,00
60,00
56,02
55,27
55,03
62,77
72,60
86,00
86,00
70,25
58,81
53,93
65,10
48,26
46,25
48,49
54,22
53,07
61,60
75,03
65,67
76,50
65,50
63,36
60,00
58,17
54,70
54,04
55,57
65,21
73,29
92,99
93,40
76,50
62,37
58,21
72,57
62,68
58,80
55,92
41,03
44,48
48,42
62,60
64,04
62,90
62,90
59,26
57,10
57,00
50,00
49,92
51,38
60,74
63,11
85,00
81,00
63,15
58,22
55,92
52,97
50,13
50,13
53,95
53,96
58,00
62,00
57,10
56,44
65,53
77,10
76,61
68,00
54,00
47,92
41,17
47,40
54,25
59,96
88,00
87,40
70,00
58,83
56,32
49,92
53,02
55,00
58,00
62,10
66,83
74,00
75,00
53,97
55,98
61,36
73,40
76,00
80,00
68,00
59,27
55,60
64,50
79,54
92,70
91,51
78,99
68,74
57,93
63,22
55,72
62,00
57,98
52,00
52,00
61,51
71,19
70,89
74,42
72,91
72,79
67,24
62,77
62,45
63,19
64,00
72,00
81,28
96,92
90,00
71,84
63,19
57,08
66,90
57,42
56,53
55,80
54,92
53,15
65,59
74,86
81,77
77,58
71,59
66,99
64,13
63,00
59,00
59,00
57,99
69,18
77,44
90,47
80,65
68,12
64,00
60,25
57,41
53,70
53,81
53,67
53,37
53,69
66,18
79,82
77,21
78,10
72,26
67,10
64,43
63,93
61,99
61,64
68,59
74,58
80,87
101,30
78,00
67,95
62,29
55,77
57,04
53,31
53,00
53,04
50,74
50,09
55,00
67,00
75,28
77,50
72,67
67,10
63,19
62,11
57,80
56,33
56,33
73,01
81,60
104,90
94,93
63,95
58,00
57,88
58,13
53,59
54,06
53,00
52,17
51,97
55,26
69,49
75,63
75,80
73,70
67,62
62,00
55,93
54,78
54,79
55,92
66,35
74,24
100,07
90,00
62,49
60,00
55,62
70,27
60,00
60,00
55,01
54,00
51,71
51,80
54,59
59,08
74,00
80,00
73,30
66,60
58,80
54,30
52,80
55,00
55,45
73,61
100,00
82,90
72,00
63,00
54,72
72,00
66,77
68,02
60,88
53,80
49,91
50,07
54,00
54,30
65,03
63,73
69,70
63,86
62,70
55,00
53,80
59,33
60,20
74,00
99,93
88,98
66,00
59,00
54,00
57,50
50,54
50,05
53,20
51,86
56,80
58,95
68,29
69,40
79,96
78,99
68,00
61,85
56,24
53,50
53,09
54,54
62,96
80,28
101,00
83,97
61,11
54,02
49,80
50,00
47,79
45,29
40,86
35,75
44,28
49,14
65,30
69,33
72,00
65,61
63,24
59,39
58,27
53,51
52,00
53,52
58,01
73,80
95,10
80,00
61,29
61,10
54,00
50,52
46,34
44,50
39,51
39,97
45,71
54,60
70,40
66,71
70,84
68,57
66,43
64,41
61,42
57,77
56,70
58,66
61,30
75,11
93,60
79,70
66,28
62,00
60,44
58,79
51,50
51,16
51,14
47,91
51,15
59,48
70,00
72,10
74,00
73,52
69,00
67,99
63,97
62,82
60,52
60,39
67,03
76,83
87,03
73,52
65,35
62,45
59,56
61,22
53,96
52,77
49,31
45,60
52,11
60,64
68,49
73,46
79,79
77,91
71,49
66,34
64,10
55,44
53,10
53,81
60,14
68,40
79,05
69,65
61,72
59,75
55,29
62,22
58,60
56,00
57,00
49,61
48,27
56,73
58,00
55,53
63,77
67,31
66,86
65,63
59,60
56,87
54,82
57,03
63,59
77,25
99,20
79,00
62,63
57,60
55,00
58,70
54,00
52,52
52,59
46,93
47,00
46,90
51,06
53,08
45,62
49,60
53,52
61,60
60,30
64,00
61,03
68,00
76,20
70,00
122,54
99,80
70,00
62,00
58,70
54,63
52,58
53,80
51,91
50,96
52,00
51,41
56,55
71,48
70,00
75,70
73,74
62,00
56,55
57,00
56,57
62,00
64,00
85,75
109,77
103,85
76,37
64,10
58,91
52,02
55,03
53,04
51,97
51,58
51,04
52,00
63,98
68,78
63,80
79,00
74,86
69,38
61,81
60,88
60,21
58,80
60,00
70,76
100,01
92,00
70,47
66,35
63,95
56,77
59,75
55,39
54,30
51,19
50,58
52,00
59,74
67,90
76,34
75,74
71,76
71,98
65,00
66,00
62,50
63,49
67,26
78,06
88,32
84,95
69,75
61,18
61,80
55,27
53,77
53,27
53,33
53,08
51,56
51,53
53,86
65,00
60,00
74,20
77,65
70,34
58,77
58,20
57,00
57,67
57,80
72,62
99,98
81,00
77,40
65,10
61,09
54,07
51,32
52,24
50,71
50,56
49,52
49,96
54,32
62,34
66,85
66,27
64,08
63,00
59,03
59,70
57,10
59,60
64,07
74,59
94,53
73,30
64,46
57,90
58,47
56,50
63,60
56,12
49,38
46,84
45,03
45,12
46,52
51,00
52,75
58,00
57,55
55,97
54,00
52,53
49,33
51,23
55,19
62,91
76,00
69,00
62,65
56,01
55,30
51,91
53,51
46,38
45,17
40,54
40,03
42,58
44,20
45,80
41,17
45,24
57,50
62,00
60,60
62,01
62,01
68,00
49,40
62,31
94,97
79,00
74,59
65,00
56,60
49,53
53,30
52,55
52,26
50,05
49,50
48,98
52,30
60,79
59,95
61,32
61,73
61,39
59,38
60,40
61,30
63,76
64,70
77,97
100,00
74,40
68,93
57,68
55,75
49,51
56,20
51,94
52,00
51,96
49,10
47,60
51,15
60,88
62,80
61,14
58,63
57,21
54,41
55,91
54,70
55,00
57,18
66,91
76,52
66,68
67,10
54,96
53,19
48,95
50,91
64,00
58,63
55,04
46,60
46,00
57,91
59,82
57,80
59,00
65,52
57,30
53,46
54,06
56,69
58,68
60,54
65,50
86,00
79,94
62,87
55,73
57,99
54,00
53,94
55,80
53,42
50,00
49,21
48,93
51,04
59,87
61,61
61,50
57,74
57,50
55,40
56,00
57,55
58,23
62,00
77,20
80,47
67,75
61,72
55,96
53,28
49,82
59,61
55,00
52,47
53,19
45,15
45,80
56,00
62,01
65,01
71,84
62,77
59,26
57,25
55,81
56,43
57,79
56,95
62,61
81,50
70,57
67,80
58,68
54,59
48,93
49,21
49,95
46,90
50,30
50,23
50,30
54,43
61,70
54,44
57,42
59,68
62,37
62,15
64,71
62,00
59,90
56,26
79,10
92,99
82,00
66,79
62,50
58,01
56,02
69,40
74,00
70,33
59,00
51,30
47,92
48,00
50,43
43,23
51,49
61,04
61,01
59,24
58,50
58,08
59,05
48,66
72,47
94,00
75,20
59,50
55,33
51,50
49,60
50,49
51,09
51,02
46,51
37,93
42,57
57,85
62,93
58,64
60,00
61,45
58,94
57,81
55,69
57,34
58,04
61,58
76,27
87,00
73,38
63,58
54,73
54,76
50,63
54,02
55,90
55,90
49,94
46,14
45,62
56,06
61,22
62,79
63,23
61,28
58,27
56,84
57,21
60,23
61,06
64,30
81,43
90,97
71,04
65,00
59,39
59,09
52,52
53,98
57,30
49,96
43,22
41,71
43,60
53,80
60,11
63,83
62,77
60,33
56,89
55,88
56,68
58,79
62,54
66,00
75,00
90,00
73,47
67,93
60,09
60,03
54,95
53,90
56,91
53,93
50,05
50,56
52,90
58,28
65,09
66,23
65,18
62,27
60,72
59,77
60,06
60,88
62,06
63,22
74,00
94,91
78,99
73,50
64,50
61,55
61,00
57,01
61,69
57,91
56,20
55,50
54,05
58,75
63,82
73,46
75,00
69,50
65,38
61,63
60,51
60,51
61,49
63,19
88,43
90,00
72,58
64,50
60,40
57,41
55,55
58,93
69,99
62,93
55,56
53,10
52,59
53,59
55,55
55,52
68,00
68,00
61,40
58,50
58,00
57,35
57,57
57,13
80,00
99,00
86,26
68,00
58,98
55,55
52,60
57,50
54,98
64,00
60,00
52,02
46,70
43,84
56,50
50,40
60,00
68,00
61,65
59,42
63,10
57,37
58,83
54,16
81,75
101,86
80,80
74,17
60,92
60,92
58,83
59,50
56,91
54,63
51,53
50,22
53,02
60,89
65,11
68,84
71,32
69,06
67,44
62,90
60,50
57,39
56,24
67,00
82,63
92,06
81,10
69,49
61,76
55,01
51,70
56,00
53,94
50,59
46,50
45,17
48,24
58,57
61,94
58,09
62,00
61,90
59,99
56,00
56,84
56,84
63,04
59,99
76,00
90,01
76,00
68,00
64,19
59,83
54,96
57,80
57,06
55,07
50,54
50,20
51,59
57,00
59,48
59,41
64,68
65,00
61,69
61,69
63,90
66,49
66,00
66,61
99,99
106,00
80,79
69,97
63,11
62,15
53,60
56,54
56,13
54,30
51,58
51,05
53,80
55,71
69,13
68,90
75,52
79,99
80,30
78,52
82,22
82,55
82,09
89,00
151,21
160,71
123,98
82,56
67,44
62,90
55,89
57,65
55,80
53,32
51,82
51,74
52,59
58,50
71,99
68,00
82,00
84,03
85,56
85,00
82,07
81,52
81,99
84,56
99,66
100,00
82,62
72,00
61,00
62,04
58,58
61,97
59,98
60,00
56,95
53,70
53,00
53,40
55,91
56,99
62,44
66,60
66,78
66,64
64,95
61,01
59,36
61,72
80,20
100,00
77,48
65,06
63,00
62,55
57,79
65,00
70,00
65,00
57,47
55,97
54,30
49,95
48,29
49,42
53,86
65,00
63,50
60,90
70,00
65,00
61,10
56,10
73,00
98,00
73,90
72,94
61,30
61,00
53,01
53,60
53,97
54,08
53,01
51,00
50,00
62,52
70,36
68,37
76,00
79,93
79,94
79,28
84,28
81,87
82,09
90,57
128,70
175,00
129,67
83,20
65,31
65,95
59,10
55,42
52,91
51,57
50,50
48,98
50,50
61,80
74,32
73,10
76,64
75,00
63,86
61,96
58,50
55,64
56,09
58,02
84,47
80,01
71,64
64,06
60,84
57,94
52,22
61,01
64,95
58,00
45,00
42,56
44,58
49,93
61,72
63,55
59,70
61,40
59,00
58,00
57,71
57,65
59,90
60,85
71,90
80,20
65,79
61,72
60,10
57,46
52,64
50,94
49,93
47,94
46,42
41,65
44,91
53,52
62,05
62,43
65,00
66,50
61,30
58,18
57,85
56,20
55,73
60,80
75,00
78,75
65,57
62,63
58,91
57,05
52,99
49,62
46,44
44,33
35,84
34,57
39,94
47,97
60,86
59,32
60,75
62,10
59,08
58,40
58,44
56,75
56,45
61,24
69,00
84,99
74,00
64,00
57,75
57,95
58,19
53,24
54,93
54,55
52,96
51,95
51,34
51,92
56,00
54,68
58,37
62,51
67,72
64,92
65,90
58,00
55,91
56,30
78,41
86,99
78,45
61,99
59,58
59,26
54,79
67,96
65,93
63,93
57,93
53,86
48,92
46,70
44,00
49,97
50,50
64,80
64,00
61,26
60,90
54,86
54,17
54,80
77,60
84,00
76,99
73,99
60,60
54,78
48,24
52,79
55,00
53,96
50,25
47,92
50,00
53,91
66,70
56,87
56,93
61,70
56,96
61,00
69,95
67,37
63,30
61,11
81,69
88,99
80,92
76,00
59,80
61,96
55,95
54,92
57,10
57,33
54,08
53,73
54,00
55,98
63,24
68,03
72,00
73,00
67,00
61,66
65,10
67,77
70,24
78,99
127,37
140,00
91,80
78,60
64,70
61,09
54,37
57,88
57,88
56,98
52,50
51,41
51,07
52,06
58,34
61,98
62,17
62,62
62,74
61,16
61,82
62,66
63,17
61,60
81,60
84,96
73,00
74,20
61,90
61,50
56,40
60,01
60,01
60,00
54,57
50,50
49,94
49,64
58,42
61,70
61,50
61,38
61,18
60,30
59,50
58,58
55,50
57,95
72,70
77,95
77,90
73,10
61,01
59,02
50,92
58,06
58,06
54,00
39,99
29,99
31,26
43,96
57,57
60,00
65,62
68,00
57,00
55,54
53,73
53,73
55,36
54,50
75,00
77,49
62,20
64,70
58,58
56,60
48,14
52,01
45,83
36,00
26,92
10,73
9,09
19,99
32,73
47,99
53,96
59,00
56,89
57,00
62,76
58,80
68,00
57,00
73,56
84,00
72,92
65,98
56,09
56,00
51,20
59,30
57,63
47,91
44,86
34,95
28,86
38,51
45,00
42,99
58,54
55,30
57,09
55,30
58,46
59,21
55,67
49,99
73,00
85,37
77,92
68,94
63,84
57,02
51,00
51,10
49,97
50,90
46,80
45,05
48,04
54,70
61,67
61,09
65,46
67,50
59,00
58,00
58,75
58,75
62,00
69,89
100,00
125,00
98,20
74,00
61,10
57,03
57,50
57,99
55,98
55,38
51,97
50,59
49,87
54,93
62,41
64,98
69,59
65,94
61,70
59,32
59,73
60,50
62,10
64,66
79,00
82,00
69,95
62,91
61,50
58,38
52,46
53,00
52,60
51,86
50,60
48,49
48,62
59,92
74,40
71,00
78,45
76,00
70,91
66,43
66,00
58,15
55,50
62,99
78,60
73,00
67,47
63,20
61,02
58,57
52,91
58,37
54,09
52,10
46,12
45,02
47,37
57,73
68,00
59,99
62,00
61,92
59,00
59,76
63,62
65,00
69,09
72,00
82,00
81,90
75,08
67,92
63,37
62,01
58,70
55,98
53,91
53,91
52,60
52,51
52,50
61,03
66,90
68,00
77,51
73,87
73,50
69,00
64,00
68,00
69,44
74,47
85,39
78,99
70,07
67,16
62,56
60,64
60,10
72,00
62,14
61,00
49,07
47,92
46,98
47,55
52,50
59,37
62,83
64,75
63,76
63,00
65,00
65,00
65,03
58,53
77,70
89,69
77,14
62,92
61,51
59,02
54,57
50,70
49,90
51,00
46,35
46,14
46,00
49,90
60,52
47,40
54,95
67,75
69,72
69,99
73,82
69,30
67,06
64,91
85,00
95,00
80,60
71,84
64,76
66,31
57,10
56,30
65,00
63,01
54,50
53,05
52,56
60,27
71,74
76,89
77,28
75,32
72,38
69,27
69,26
68,79
68,74
69,29
72,22
72,07
69,25
71,00
63,20
61,00
53,99
51,60
50,33
47,91
45,36
45,11
46,83
54,14
64,08
65,56
66,32
64,14
63,13
60,87
61,59
61,93
61,46
61,99
77,10
85,04
77,99
77,90
67,07
65,52
57,26
60,00
63,67
57,05
54,01
53,29
52,91
53,04
61,04
66,30
74,06
70,00
64,26
63,69
64,34
64,22
63,55
64,29
78,99
82,90
70,20
67,99
65,20
59,99
53,00
60,10
59,30
58,00
54,00
53,02
52,96
53,77
61,47
64,00
75,01
69,80
61,97
60,09
60,70
59,52
59,87
65,99
82,00
88,11
82,00
69,43
65,97
64,00
55,00
59,90
61,47
61,47
58,00
55,79
54,50
59,99
66,20
69,90
79,10
80,49
77,39
64,97
56,09
54,10
54,20
57,80
80,00
85,02
74,94
69,88
64,93
60,68
60,51
65,00
65,00
63,80
59,90
55,00
48,90
45,94
54,93
56,93
62,53
64,99
64,95
61,80
62,00
65,00
62,00
59,98
77,03
91,70
87,49
73,00
63,99
65,00
65,00
59,95
60,98
65,84
59,50
56,00
55,20
57,95
58,97
53,55
64,20
65,82
65,79
65,11
72,44
70,80
63,00
68,40
98,99
108,00
86,00
78,00
68,00
69,50
64,09
62,01
65,00
65,00
58,97
54,59
53,93
56,00
65,80
59,30
67,40
69,00
72,00
61,00
63,93
58,60
57,80
67,95
86,00
99,00
80,00
84,00
73,97
64,09
63,31
75,00
68,70
66,98
56,44
54,92
54,03
54,01
55,70
54,50
60,20
70,88
68,00
69,92
84,00
87,54
72,00
62,90
71,20
66,95
67,00
70,03
67,40
60,00
54,90
65,64
62,00
64,93
54,02
51,50
50,38
54,01
54,30
50,52
54,53
61,50
64,75
65,72
69,19
72,00
69,00
55,00
84,00
90,20
77,06
71,00
71,00
63,38
54,52
63,64
64,60
58,95
57,45
54,99
54,92
57,42
69,20
60,17
64,86
73,31
72,00
71,90
74,00
74,32
64,50
64,11
84,10
94,90
84,22
78,99
76,80
70,07
64,85
67,00
64,99
60,00
55,43
53,08
52,33
52,53
58,00
59,00
62,81
65,05
65,30
67,00
65,00
66,00
70,00
65,00
80,00
95,70
86,72
76,70
66,40
64,60
53,96
70,04
64,10
64,30
54,92
46,91
43,73
44,48
46,34
46,20
54,89
57,45
60,02
60,02
65,00
64,52
73,10
52,00
72,00
82,92
84,00
78,99
69,89
65,00
62,00
58,70
60,70
65,20
54,93
53,00
52,23
51,97
51,23
50,27
54,02
59,04
64,66
63,91
64,00
57,40
60,96
53,80
78,00
92,00
78,00
70,00
59,20
51,67
50,72
52,23
57,00
55,92
51,06
49,10
48,70
48,80
51,00
53,00
56,74
58,18
59,96
60,38
60,00
56,90
54,00
58,77
79,00
90,00
76,97
53,80
51,80
47,32
40,81
42,94