51,95
65,00
51,97
41,92
38,97
37,69
37,38
28,88
35,15
39,19
44,88
48,66
55,01
60,75
58,00
50,00
55,00
90,00
55,00
49,27
51,80
49,06
43,46
45,96
43,95
45,00
43,97
42,00
41,14
43,92
51,74
40,85
43,07
47,03
48,10
47,47
53,31
51,14
49,91
50,95
64,42
90,00
66,27
58,60
51,16
50,23
43,05
45,54
46,03
42,98
39,27
37,72
40,42
42,80
50,55
47,57
52,10
56,27
51,63
48,18
47,60
47,58
47,57
50,70
68,88
114,28
75,10
56,33
59,48
46,08
42,51
39,50
43,96
42,06
40,86
38,00
37,99
41,45
48,73
47,53
50,54
53,72
54,88
51,99
48,05
47,57
47,27
56,46
62,99
122,37
80,01
59,95
54,33
49,83
43,59
42,55
42,15
41,54
39,43
36,86
37,54
41,53
48,88
50,84
53,00
58,96
52,96
46,57
46,51
46,08
47,42
57,50
65,59
125,00
77,95
59,02
52,17
47,29
41,53
43,60
44,96
43,41
40,10
38,93
38,00
41,91
46,69
46,67
54,98
54,47
50,72
47,06
48,34
46,59
46,06
46,53
58,74
99,00
61,23
50,07
50,00
51,51
42,07
45,97
46,06
43,30
41,40
40,10
40,92
40,34
37,91
40,00
41,83
53,00
53,91
53,47
53,26
46,04
44,51
49,38
61,53
92,60
68,55
57,02
50,14
48,52
40,99
44,03
44,80
46,32
41,94
40,08
40,08
39,37
41,86
35,01
39,00
48,49
49,07
56,03
53,95
47,90
46,38
47,32
60,76
94,95
67,48
58,82
55,00
41,16
35,65
39,78
42,57
41,79
37,49
34,00
33,00
37,55
47,82
46,39
56,29
55,21
51,39
50,20
46,96
43,54
41,46
43,54
64,73
82,38
66,89
59,83
52,46
40,48
28,87
41,90
42,56
40,93
40,02
36,54
33,70
38,99
46,10
44,82
49,50
49,13
47,85
51,06
45,99
51,43
54,50
55,31
74,69
89,20
74,59
55,11
58,39
47,06
40,81
45,06
49,91
45,04
41,96
39,91
35,91
40,02
45,93
49,40
48,82
52,96
55,00
51,32
46,85
48,56
53,04
50,00
59,82
81,51
71,25
59,09
53,27
49,82
41,91
43,96
46,95
45,00
43,54
41,07
40,93
44,90
49,82
46,95
48,00
49,49
53,66
60,00
62,25
57,63
50,00
45,00
67,78
79,99
68,89
60,00
52,02
49,95
43,60
50,07
45,37
44,46
42,90
38,70
41,04
44,09
47,17
56,24
57,97
56,98
54,49
54,03
55,00
47,57
48,09
47,07
63,58
89,51
81,22
65,49
58,04
52,06
47,99
47,95
49,91
48,42
44,00
42,50
41,33
41,90
43,03
43,40
47,24
53,82
56,52
54,10
52,10
50,22
49,70
46,92
62,02
94,96
74,95
65,40
59,35
48,43
44,04
55,21
49,92
46,88
43,91
42,55
40,99
38,00
42,10
38,99
40,99
49,07
50,00
56,72
55,98
52,20
51,29
48,61
62,21
91,36
73,47
65,24
62,90
51,99
44,05
47,01
45,60
42,82
38,00
36,55
40,99
44,20
59,63
46,60
51,36
54,92
51,50
57,69
60,80
60,40
71,90
64,92
107,02
112,12
101,53
79,94
63,90
47,02
42,03
43,71
44,53
44,01
41,59
40,00
39,97
40,45
45,00
58,00
74,08
79,98
79,92
75,02
74,47
59,82
59,71
66,00
122,66
146,12
118,42
84,98
54,44
49,00
42,69
44,66
44,00
43,01
42,04
41,02
39,94
41,09
47,00
51,09
64,97
59,50
60,00
62,42
55,41
50,00
52,39
78,00
105,00
139,94
105,35
84,94
56,66
48,01
42,58
43,30
43,57
43,07
42,55
41,96
41,02
42,50
47,34
51,93
49,05
61,60
54,44
56,86
59,97
54,10
48,00
61,10
84,87
113,81
98,31
79,70
54,44
45,06
43,32
45,08
45,44
44,96
43,09
41,99
41,66
43,97
45,51
52,00
63,47
64,96
58,53
45,53
45,37
45,08
45,04
45,26
77,19
96,11
62,96
59,05
50,32
49,50
43,49
45,99
50,06
46,36
44,98
43,52
41,94
42,93
41,02
43,86
47,26
54,44
56,00
53,96
50,00
45,54
45,52
45,09
58,73
80,01
80,01
59,77
53,09
52,04
45,03
46,54
47,34
48,36
44,53
43,50
41,98
41,19
43,05
42,86
43,62
49,42
63,40
53,00
54,71
50,77
49,48
51,73
56,92
84,26
81,60
69,91
62,00
50,39
44,03
44,05
45,03
44,58
44,03
43,91
42,60
41,99
50,36
49,90
57,78
65,16
55,93
57,36
55,10
55,47
55,07
55,47
92,97
111,01
80,00
57,97
66,57
45,17
43,70
46,65
45,74
45,05
44,54
43,55
43,07
44,22
55,58
45,05
61,89
65,54
60,93
61,48
57,96
51,78
50,14
49,08
80,84
112,61
78,46
65,26
53,33
46,66
42,75
44,98
45,44
45,02
44,58
43,43
41,97
44,51
55,89
46,98
55,05
57,37
55,00
52,29
51,08
49,05
52,97
51,46
65,29
87,70
69,91
63,78
52,55
49,39
42,98
44,07
45,86
45,02
43,94
43,34
43,34
43,37
52,06
53,32
60,36
61,69
52,92
47,71
46,85
45,95
48,89
51,42
62,99
80,05
70,12
61,04
53,00
51,07
43,52
42,65
45,49
50,92
45,94
43,91
43,01
43,98
50,01
51,92
58,39
58,89
54,17
51,84
49,51
45,84
47,06
49,95
62,91
75,00
70,20
60,00
52,10
50,10
48,00
50,09
50,05
47,12
41,58
41,53
40,41
40,50
41,58
41,60
46,44
58,19
57,52
56,72
48,11
45,05
43,73
45,08
53,08
79,99
79,95
59,98
48,29
45,69
41,03
50,68
52,30
46,11
41,56
39,01
38,35
38,53
40,97
41,00
44,08
42,94
55,12
56,76
53,93
47,98
45,00
43,76
53,79
88,09
76,91
60,00
54,44
43,38
40,09
40,96
41,74
41,75
40,51
39,96
32,97
40,04
53,18
50,27
56,32
59,00
58,36
53,00
52,77
50,82
46,40
46,36
68,69
84,00
74,00
53,20
55,00
47,01
40,45
41,03
45,46
43,84
41,92
40,00
38,40
41,35
52,00
48,19
52,07
49,50
52,41
53,00
51,92
47,72
48,00
59,95
78,52
91,00
75,38
62,50
50,58
49,63
48,81
45,99
46,23
43,55
42,42
39,96
42,60
43,54
53,59
64,63
65,04
64,24
55,79
50,22
47,70
43,92
46,22
53,97
59,10
67,04
68,00
59,52
50,10
48,40
43,04
46,05
50,35
45,93
43,92
41,56
38,90
41,99
49,00
50,42
56,52
63,51
59,90
55,00
53,00
47,87
46,92
54,92
55,20
76,52
72,01
59,82
55,00
48,82
42,00
43,12
43,48
40,94
37,90
34,92
31,53
40,32
52,92
52,77
51,96
55,18
52,75
52,41
51,89
50,00
50,93
55,00
61,90
87,98
79,27
67,43
55,90
48,95
43,96
50,05
62,66
52,78
47,00
38,50
38,64
42,95
43,00
43,93
51,90
59,92
60,10
59,90
54,71
50,10
47,90
49,85
54,99
90,42
91,10
66,89
70,04
56,28
46,91
62,47
56,24
51,02
55,04
44,97
44,34
44,34
46,16
44,06
44,82
54,17
55,45
56,63
64,00
66,12
54,99
48,15
46,29
105,00
101,54
69,26
65,00
56,20
47,54
44,21
47,36
50,26
46,52
46,05
46,00
48,81
62,79
68,74
70,38
67,39
66,69
51,66
48,51
58,68
47,31
48,82
58,59
76,36
68,33
57,60
53,00
48,07
45,50
43,51
43,75
44,95
44,48
43,94
44,90
46,53
56,52
53,52
55,81
58,45
59,25
56,31
54,46
54,36
53,13
52,58
59,73
89,91
89,94
64,96
56,94
51,61
47,97
45,93
48,46
45,98
45,05
43,14
42,94
44,51
52,00
54,31
61,37
61,50
60,21
58,82
55,98
54,93
50,18
54,92
62,20
78,38
74,70
64,00
56,49
51,03
47,52
43,45
43,16
43,00
42,24
39,43
41,18
44,57
51,33
49,96
55,11
58,67
57,01
53,24
51,64
51,01
51,08
50,66
58,22
68,71
67,82
61,67
56,69
50,09
43,95
44,96
44,85
43,85
42,79
41,60
42,77
43,94
50,06
52,10
59,85
63,34
61,95
60,01
58,70
56,01
48,01
46,60
58,67
74,93
73,27
64,48
56,10
49,82
43,92
52,06
48,90
45,19
42,46
41,09
39,09
41,04
40,52
42,05
46,97
55,95
53,87
54,55
50,83
44,75
43,56
42,70
43,91
69,96
79,67
54,34
50,01
45,97
43,93
52,85
50,00
49,59
41,06
40,20
36,00
34,41
37,93
32,08
39,97
41,94
49,82
53,50
55,00
54,00
44,41
42,00
41,79
65,00
74,97
55,00
55,30
41,57
35,38
39,71
42,41
42,10
40,80
39,50
39,49
39,50
50,90
51,71
52,22
55,33
49,98
47,63
45,79
43,02
42,53
43,13
46,99
67,59
75,30
64,91
61,61
42,41
40,80
41,90
42,85
43,01
40,75
39,94
38,89
42,16
53,05
46,92
54,30
53,68
50,24
50,22
49,79
47,26
47,92
56,96
53,97
71,10
83,17
69,42
60,93
46,45
42,54
41,06
41,56
41,42
39,97
38,00
37,41
41,02
51,96
51,93
53,32
57,44
52,20
47,70
45,92
42,63
44,40
47,42
51,54
65,78
79,94
62,59
50,99
43,82
40,54
41,95
40,97
39,94
38,92
36,97
37,75
40,58
50,03
44,91
52,71
51,28
49,54
43,94
43,02
42,08
44,00
44,34
49,22
60,93
75,93
64,28
49,83
46,05
39,47
41,91
41,78
40,41
38,75
37,97
39,22
45,09
50,09
53,90
57,30
57,32
54,73
52,16
50,75
47,79
42,47
42,72
47,41
67,15
77,49
63,76
47,07
44,23
41,00
43,61
45,00
42,67
37,42
37,47
36,92
36,93
39,19
39,24
43,92
55,30
54,99
54,14
45,78
39,35
39,21
39,99
42,10
61,79
76,12
48,23
44,79
44,26
41,07
42,31
42,28
40,00
36,55
35,09
34,75
35,28
37,02
36,59
37,52
39,21
44,13
44,40
48,00
46,00
41,34
40,10
41,84
65,00
75,38
54,83
48,98
47,73
41,90
37,46
35,28
35,28
33,23
31,94
32,99
36,52
45,31
40,49
46,96
51,66
49,64
47,41
44,99
43,39
42,80
42,33
45,00
54,99
75,00
55,00
50,99
44,88
38,84
39,44
43,95
38,58
37,09
35,82
35,05
40,59
50,51
52,29
59,91
64,94
53,41
48,47
47,63
43,96
42,70
42,14
42,59
51,67
61,93
48,77
42,45
41,93
39,92
36,73
35,75
33,75
28,86
26,91
28,58
34,99
49,05
44,93
44,31
46,00
45,00
44,21
44,07
43,25
40,22
41,41
44,58
54,94
75,00
67,97
49,93
42,77
41,93
47,63
45,01
45,00
36,58
32,45
22,19
30,42
39,99
41,97
42,77
46,59
43,94
43,01
40,56
42,19
43,19
45,00
44,00
54,00
74,90
61,91
43,15
41,25
37,90
38,92
38,96
37,98
37,43
36,76
36,05
40,92
47,37
47,70
50,71
50,39
50,16
49,08
47,12
45,70
44,33
47,88
54,79
61,93
82,93
57,00
42,83
42,41
40,00
49,91
47,92
50,05
40,00
35,84
34,78
31,98
35,82
36,52
38,30
43,00
44,80
44,09
47,00
47,04
45,00
41,58
45,08
53,27
85,00
60,00
47,90
46,06
42,00
70,91
50,00
68,90
50,72
45,00
35,58
35,34
36,00
36,59
39,41
42,56
49,44
42,10
49,98
49,97
42,10
38,06
43,00
53,50
83,50
56,23
39,90
39,99
37,89
33,33
35,97
39,50
38,92
37,05
38,00
41,84
56,00
41,50
40,56
44,10
43,67
48,81
49,92
48,29
45,19
39,06
49,93
65,00
99,00
71,60
40,06
40,06
37,50
38,45
41,92
40,39
37,98
36,59
35,83
36,53
44,99
49,82
50,33
46,51
42,25
38,74
37,82
37,55
37,53
38,00
44,69
53,94
77,90
59,97
42,95
43,10
34,99
38,56
41,07
40,00
37,48
37,17
37,05
41,16
47,40
46,16
47,15
48,30
46,35
43,81
47,80
45,50
40,98
44,89
53,52
65,02
109,92
66,52
42,21
43,91
39,93
40,58
40,58
36,46
28,82
26,46
28,26
34,42
44,45
48,31
48,53
46,75
46,02
42,29
39,97
38,28
37,66
41,50
46,99
52,73
90,04
64,90
46,20
44,61
41,71
39,93
38,97
36,60
36,05
35,00
35,00
37,09
43,03
42,10
51,78
57,29
53,67
51,81
44,27
37,07
36,54
37,03
38,50
58,95
95,04
55,90
39,22
37,03
36,93
43,95
40,98
40,99
35,56
31,41
30,21
32,21
34,59
35,96
36,98
43,56
44,94
43,68
44,51
39,90
37,99
35,91
35,95
50,03
90,00
60,00
35,95
35,72
35,20
39,06
39,96
39,57
37,00
33,54
33,00
32,98
33,95
35,00
35,71
36,90
38,00
43,90
49,21
45,03
39,98
41,13
44,96
46,38
89,00
60,93
40,10
36,70
35,46
35,05
35,03
35,56
35,00
34,10
34,10
37,97
49,96
39,40
50,60
57,00
50,80
42,61
41,26
39,85
38,17
38,18
43,90
63,00
110,00
65,00
42,90
43,03
36,41
36,90
36,99
36,79
35,08
35,00
35,01
35,78
47,20
48,00
48,21
48,06
46,00
44,15
43,57
43,08
42,25
42,47
44,52
53,07
77,00
51,79
41,97
40,37
35,90
42,86
42,48
38,51
32,89
27,89
28,66
36,43
44,40
44,50
44,92
49,00
43,51
40,00
39,17
37,98
36,92
40,00
53,94
50,00
100,00
59,00
41,60
44,08
36,57
38,42
39,92
38,24
36,58
35,48
32,87
36,97
43,57
44,46
43,57
43,22
41,92
39,11
37,35
36,50
36,57
37,52
38,02
50,10
124,15
81,43
48,00
41,41
41,41
38,94
38,95
37,59
35,93
33,29
30,79
35,88
44,13
45,12
47,50
50,00
49,00
42,39
36,99
35,16
35,04
35,00
38,98
50,14
95,32
57,90
35,55
35,05
33,09
38,96
37,97
37,97
35,44
33,03
31,55
33,94
37,98
34,58
39,92
47,23
47,00
48,00
44,92
40,09
35,98
36,68
35,94
50,19
99,10
74,82
38,97
41,00
39,82
39,00
41,01
39,09
37,25
36,00
33,59
33,03
35,09
33,51
34,61
45,88
48,61
48,00
48,44
38,90
35,03
34,59
36,00
40,19
87,43
72,09
43,41
40,84
34,69
36,96
37,03
36,51
34,99
32,99
31,87
32,99
41,25
40,35
50,00
41,93
37,10
36,04
36,03
36,00
36,00
34,97
50,41
48,48
89,99
65,00
40,43
35,95
30,18
37,04
38,91
37,88
33,65
26,52
26,56
33,96
40,16
42,11
41,91
39,26
35,03
34,45
33,88
34,07
33,56
33,91
37,06
42,12
75,25
60,94
38,17
40,01
35,77
35,21
38,92
38,00
34,69
34,00
35,41
39,94
43,89
45,00
50,10
49,98
40,90
34,64
34,65
34,60
34,50
34,66
43,36
49,00
81,66
63,03
40,00
41,05
33,97
37,86
39,93
36,42
33,55
31,20
29,50
34,56
40,58
40,20
50,39
50,00
38,88
35,23
35,04
34,60
33,03
34,90
41,17
41,27
75,37
65,00
41,28
37,48
35,13
38,33
43,99
39,27
33,03
29,22
26,85
36,00
40,09
43,57
46,10
44,29
37,76
36,44
39,84
37,89
38,10
36,91
41,55
40,55
74,95
62,49
37,95
40,10
36,15
37,06
41,95
44,00
34,08
29,91
26,93
32,02
37,40
33,90
38,97
47,55
41,97
39,00
39,00
36,77
36,25
35,36
46,42
42,25
75,00
60,12
36,59
38,95
34,20
40,69
56,05
50,00
32,94
19,99
15,00
15,00
26,98
12,30
19,99
31,49
38,00
37,58
43,82
39,30
35,00
35,00
44,01
35,31
65,00
68,00
44,25
41,72
34,97
39,82
50,00
41,54
36,04
25,00
23,20
32,29
37,73
37,90
45,92
42,91
38,00
35,04
35,92
36,08
35,04
42,00
42,05
38,00
81,97
80,00
36,10
40,00
32,00
38,09
42,99
39,82
34,15
26,11
28,29
32,50
43,15
43,19
44,30
43,06
36,62
34,99
35,00
36,03
36,46
38,03
42,12
42,58
83,75
80,99
46,81
39,95
37,10
36,94
39,98
39,50
34,60
27,95
27,14
31,41
40,09
44,38
45,00
45,01
36,01
34,51
34,60
34,42
34,42
35,09
40,00
43,55
72,00
75,03
39,97
39,90
36,83
36,06
43,60
41,00
34,48
31,40
27,41
31,78
40,06
46,17
49,22
49,82
40,84
35,00
33,93
33,57
33,57
33,98
41,72
43,82
68,22
75,01
47,34
39,91
35,38
34,94
34,80
34,09
29,26
26,91
28,19
33,72
41,00
45,00
56,43
50,32
38,25
33,56
33,55
32,95
30,31
33,75
42,35
45,92
74,89
74,95
43,00
39,83
34,94
45,00
49,92
47,22
35,92
33,53
29,98
33,01
33,60
33,58
46,43
53,80
41,57
29,99
29,93
28,44
28,44
27,90
30,98
51,98
75,00
81,91
47,45
37,02
35,41
49,05
47,07
39,97
37,92
35,54
30,85
35,52
32,99
31,29
34,00
36,45
37,96
34,00
33,00
32,46
33,00
32,96
38,40
44,82
67,55
76,41
46,50
33,65
34,09
25,89
33,22
35,39
33,00
33,00
34,75
45,00
42,57
55,21
51,42
45,00
39,93
34,08
32,44
31,33
33,09
34,10
47,98
60,94
90,00
88,57
49,04
33,00
35,20
32,07
32,51
33,52
32,03
32,01
34,64
41,06
45,85
57,33
55,99
49,60
40,00
33,04
32,27
32,09
32,23
41,57
49,17
54,99
68,82
74,98
37,49
33,08
36,10
32,06
32,81
32,58
32,06
30,96
32,09
40,03
42,00
51,82
55,93
49,90
40,82
34,20
32,95
32,32
32,67
35,00
40,82
49,92
54,88
55,99
36,65
32,09
36,81
29,39
36,82
36,82
32,90
29,94
39,95
49,94
41,17
48,82
48,82
39,36
34,52
33,00
32,43
32,37
32,20
35,02
45,86
48,14
59,93
64,92
37,40
32,30
37,00
30,92
37,06
37,11
32,95
30,00
36,09
43,51
37,49
54,93
54,96
43,82
37,01
34,50
32,75
32,77
31,41
33,40
41,00
48,00
56,98
62,82
42,00
33,41
50,09
36,88
39,96
35,41
31,93
31,91
31,92
36,52
37,10
41,00
53,97
50,00
45,00
41,01
33,52
33,00
30,00
33,73
41,00
48,58
65,00
71,00
44,44
35,95
41,01
32,62
35,00
33,00
28,50
27,94
30,24
36,00
35,94
35,92
42,00
43,06
42,81
38,51
33,33
31,99
32,78
39,00
47,19
49,41
69,51
69,54
41,44
46,00
40,92
29,82
35,50
35,45
30,99
27,86
36,52
43,08
47,22
60,95
56,66
39,58
34,28
32,29
29,00
27,98
30,00
33,62
36,08
39,00
51,92
62,11
38,00
34,00
34,92
34,91
36,01
35,03
33,99
33,04
36,42
44,82
45,71
61,92
58,00
46,82
41,20
35,96
33,62
33,00
32,85
35,03
41,05
48,42
59,97
65,30
42,08
34,07
40,01
35,00
38,61
36,49
32,11
33,97
38,00
41,82
42,12
54,94
53,00
38,94
35,91
39,88
35,62
35,41
35,10
41,44
47,90
54,00
69,55
75,00
52,09
40,06
38,98
35,09
35,07
34,88
34,56
34,21
35,07
41,00
50,01
62,00
60,55
50,55
42,49
35,52
35,00
34,90
34,81
40,00
54,96
62,94
79,00
108,75
59,98
36,02
37,51
34,99
34,82
34,73
34,53
34,55
35,73
41,00
48,38
65,00
61,98
50,01
37,36
35,62
34,73
34,55
34,60
35,90
43,95
49,93
66,20
77,48
44,84
35,03
43,52
37,70
38,79
36,76
35,48
33,41
34,56
34,10
34,78
54,90
59,98
49,70
34,07
31,84
29,92
29,00
29,77
31,99
43,00
51,45
62,00
69,63
52,85
36,00
37,00
35,03
34,09
35,71
34,00
33,80
33,05
34,92
34,94
38,20
51,91
50,01
42,87
34,60
28,80
25,00
26,80
26,80
34,51
42,97
54,95
66,34
54,93
34,54
33,95
23,93
34,00
35,44
33,92
34,00
37,00
50,60
35,41
44,80
49,60
42,00
37,22
36,50
34,59
34,00
34,00
37,25
45,91
54,72
60,91
69,99
52,00
34,50
43,04
34,30
38,34
34,55
31,99
30,20
33,35
41,05
45,73
57,18
55,98
43,02
36,55
33,56
32,54
31,51
32,07
33,55
35,61
40,00
49,55
59,00
38,80
29,98
37,54
32,24
39,31
35,99
31,91
31,00
36,93
40,01
43,67
47,18
53,52
40,00
38,00
36,00
31,00
29,97
29,94
33,71
38,10
42,78
55,93
65,99
50,00
35,51
34,01
29,82
32,98
32,02
30,99
31,00
36,06
42,20
36,77
43,37
48,48
40,00
39,80
35,37
32,71
32,53
32,05
34,09
48,10
53,75
55,91
63,53
48,82
33,91
42,54
36,86
38,22
38,00
35,64
33,29
34,46
36,99
36,98
49,75
54,91
53,91
41,97
40,00
33,01
30,29
30,29
32,01
38,10
42,00
45,03
51,10
42,00
34,40
48,00
40,00
40,00
34,48
33,45
32,08
33,41
33,47
36,31
36,72
48,04
39,93
35,03
32,00
32,00
29,99
29,88
35,00
34,96
44,88
54,98
65,88
58,01
39,98
47,00
34,25
44,56
37,32
35,01
34,94
34,93
34,99
30,00
33,05
40,32
37,42
38,56
54,00
39,60
33,09
31,52
40,56
51,15
44,60
55,20
68,12
57,61
59,99
40,35
35,98
37,28
34,53
33,04
33,01
33,86
40,53
33,00
33,80
40,62
41,80
47,32
36,29
32,84
30,82
24,98
33,05
40,30
50,00
55,00
61,35
49,31
32,00
40,02
32,79
34,48
34,49
32,78
31,83
34,90
43,08
40,98
46,16
44,77
34,60
33,01
32,52
31,85
31,79
32,75
36,86
49,01
50,35
55,55
68,65
51,96
34,16
36,49
29,96
33,65
34,00
32,87
32,01
34,09
41,08
45,13
50,00
48,50
39,55
34,83
34,00
32,86
32,41
33,05
37,37
47,89
44,98
54,55
61,55
46,63
33,00
39,97
34,14
33,57
33,55
31,79
31,53
36,19
41,39
44,78
54,80
55,00
46,07
41,55
39,41
34,88
33,59
34,06
39,94
48,11
49,29
58,24
64,98
47,50
35,21
36,68
33,85
33,88
33,20
30,81
31,84
37,14
41,81
47,21
52,08
48,33
41,11
38,82
35,85
33,54
32,10
32,90
33,64
40,23
47,72
54,62
60,58
47,60
41,88
41,67
36,68
36,68
34,82
33,59
33,54
33,61
34,39
33,02
40,26
50,01
47,38
41,80
35,55
32,28
30,95
30,24
32,35
35,74
47,24
53,00
59,40
56,67
34,82
43,00
39,10
40,00
38,01
36,00
35,44
34,52
32,55
30,00
33,07
40,21
44,57
43,21
37,00
33,51
33,07
33,06
34,00
37,06
48,10
53,61
57,47
48,57
32,36
35,99
29,96
32,55
33,53
33,05
33,08
36,91
45,00
45,00
58,98
58,94
47,43
42,99
34,52
33,11
32,81
33,04
34,09
43,00
44,92
57,18
58,90
41,36
33,08
36,32
30,97
33,01
36,19
33,06
33,05
36,09
42,18
45,80
50,19
40,00
35,50
33,99
33,03
32,44
31,99
32,00
38,93
48,00
44,44
53,82
59,82
58,93
34,68
35,95
33,43
38,11
38,00
34,96
33,58
37,21
45,20
47,81
50,60
47,32
45,64
41,17
41,01
39,27
37,39
36,43
39,66
48,50
55,69
60,64
64,00
57,92
37,54
35,67
32,56
36,79
36,71
33,51
32,00
35,92
44,81
48,12
50,88
45,68
43,26
41,14
39,99
37,01
36,10
34,82
40,00
50,00
53,00
55,06
62,92
51,00
38,70
39,65
34,00
35,08
37,50
36,70
35,05
37,47
44,64
54,99
63,48
57,32
54,93
55,51
56,88
42,56
35,07
35,02
49,33
57,00
60,90
60,94
60,91
54,94
38,89
52,50
39,94
41,12
38,92
36,92
34,08
32,51
37,93
39,00
53,97
59,00
53,92
37,24
34,02
31,00
28,00
27,43
31,37
39,00
50,90
50,94
51,33
37,84
29,97
44,96
41,94
44,00
41,98
37,91
34,00
34,00
25,00
29,97
32,00
32,00
38,61
42,00
39,90
32,02
30,50
26,11
41,32
57,92
42,50
57,95
60,00
58,95
43,43
40,39
38,97
40,03
40,00
38,96
35,99
35,92
30,32
26,11
32,17
40,43
42,20
46,00
39,36
31,34
33,06
34,73
48,29
53,63
55,07
53,33
56,93
56,90
37,40
37,29
34,01
35,99
35,04
35,06
34,05
35,85
48,00
50,75
58,94
58,40
44,98
42,35
41,99
40,02
40,22
37,90
48,10
58,46
58,43
53,00
50,00
43,92
37,98
37,40
33,01
36,40
35,07
33,01
35,09
39,89
44,53
47,67
54,91
51,82
44,67
43,30
42,43
38,67
35,91
35,38
38,81
47,27
52,42
57,60
51,94
43,34
36,67
40,01
35,95
37,96
37,72
33,07
32,53
37,72
43,50
49,94
54,93
52,96
44,32
41,00
40,68
39,00
36,06
34,59
35,75
40,75
44,03
48,00
48,00
41,18
35,11
38,58
33,02
37,96
36,92
32,99
32,56
35,98
44,01
54,42
54,94
50,00
44,92
40,80
36,28
32,22
30,89
30,27
32,91
42,00
49,00
51,00
50,00
53,38
35,42
38,08
38,07
38,95
36,95
34,95
31,50
29,99
30,53
30,96
45,00
53,00
47,53
44,81
41,00
37,08
32,93
32,92
36,20
50,80
53,65
53,98
58,91
58,91
48,08
41,91
40,00
40,00
39,00
38,15
36,32
35,00
33,00
28,34
34,00
39,54
43,20
40,00
42,24
35,00
33,03
32,08
34,07
40,00
50,01
53,39
55,50
57,90
38,08
34,97
30,06
34,07
34,48
33,05
33,07
34,31
47,53
35,93
47,72
42,65
40,74
38,00
37,35
34,53
34,53
34,42
39,87
53,33
57,91
57,97
61,94
53,80
34,73
35,96
34,08
36,49
36,94
36,49
36,49
37,94
43,91
50,18
62,15
57,80
43,78
40,00
35,08
34,53
34,10
34,56
53,00
62,03
65,01
65,12
61,98
58,42
37,85
39,95
33,60
33,53
33,01
31,82
32,51
36,56
43,15
57,28
69,98
61,80
39,90
34,99
33,82
32,00
32,00
31,72
35,72
61,96
69,01
67,08
65,00
54,89
36,00
39,91
38,93
37,29
35,26
32,51
32,11
33,20
42,78
46,86
61,91
53,96
41,80
35,00
34,52
33,66
33,50
33,82
43,00
54,82
55,00
56,00
50,45
43,73
35,62
36,65
32,52
33,80
34,55
32,56
32,53
34,54
42,97
46,60
59,08
54,97
48,05
40,36
36,50
33,56
33,06
33,16
33,87
52,34
54,92
50,00
42,43
42,74
33,00
44,91
37,00
36,61
35,42
31,00
29,93
27,72
31,04
33,17
45,65
55,01
44,96
37,97
31,64
29,57
26,96
27,00
30,71
32,21
39,98
46,07
46,19
48,95
34,94
39,03
37,98
37,95
34,60
32,00
26,92
22,48
32,00
34,01
39,99
38,48
45,00
40,60
35,87
32,31
30,00
27,99
37,70
46,00
46,01
52,41
57,34
62,32
41,24
39,96
38,98
37,00
36,94
27,28
25,88
30,76
43,86
41,43
55,42
52,18
40,12
43,55
39,28
31,53
31,24
31,25
43,27
55,00
52,17
55,40
46,37
45,78
26,83
38,96
37,18
35,38
32,25
28,01
29,28
33,96
42,61
40,09
53,99
45,46
36,06
36,14
35,00
33,67
33,47
34,06
42,53
41,89
48,62
56,51
58,35
58,93
42,00
40,00
37,97
35,98
35,41
33,59
33,77
35,48
41,87
44,01
62,00
65,00
56,00
57,76
56,55
50,10
45,19
48,00
74,68
82,83
79,95
73,00
60,00
49,84
34,10
45,83
38,46
34,80
33,65
33,24
33,31
34,80
38,95
46,44
53,67
55,00
50,42
42,83
42,49
36,73
34,91
36,51
50,34
64,40
64,96
69,99
64,91
54,00
39,55
39,43
38,92
38,46
34,56
33,79
33,54
33,77
40,00
44,55
56,55
60,05
55,25
52,55
44,02
36,55
34,44
37,99
44,59
55,99
56,00
55,78
40,96
43,94
35,96
45,01
39,93
40,00
36,93
33,42
32,84
32,72
33,42
31,98
45,13
58,00
55,97
48,39
38,12
31,48
30,93
30,91
31,95
34,00
44,18
43,39
36,97
44,65
38,33
45,91
37,96
33,60
35,92
34,91
33,91
33,01
33,95
33,92
32,35
42,62
47,20
45,00
42,00
33,09
30,99
25,41
33,42
41,34
50,06
53,07
50,88
67,33
39,90
35,62
32,59
34,21
32,96
32,00
29,99
31,09
44,27
36,97
48,80
54,70
40,42
38,00
34,09
32,36
32,36
31,72
35,20
40,73
54,90
57,94
45,71
50,15
29,85
35,35
30,02
31,10
32,06
28,70
28,00
32,80
39,63
38,71
48,98
48,98
40,70
38,22
38,55
33,44
32,55
33,50
47,68
59,91
56,44
58,50
46,14
43,10
35,93
35,47
34,49
33,47
32,54
30,72
30,21
33,42
37,99
38,39
45,58
50,00
42,00
42,15
34,01
30,10
30,10
32,05
39,55
54,05
57,94
55,88
43,46
41,06
35,93
38,66
34,93
33,98
33,47
32,91
31,80
33,49
38,82
46,00
53,95
53,34
42,00
36,55
34,00
32,07
32,02
33,00
36,60
50,61
53,99
51,00
42,33
39,87
32,00
42,47
35,56
34,18
31,44
31,08
30,94
30,99
37,10
46,75
59,90
52,95
40,02
37,89
33,50
30,51
29,97
29,42
30,92
40,61
46,20
48,91
36,55
36,11
31,42
44,97
39,98
39,69
32,28
31,52
30,96
30,86
35,41
32,28
59,31
57,98
52,84
41,95
34,57
30,23
29,46
28,97
29,99
33,36
41,24
53,91
47,75
41,00
36,02
42,90
38,00
34,95
27,25
31,00
29,99
27,10
33,95
32,90
34,99
33,97
40,42
45,14
33,50
34,66
31,96
35,00
50,00
46,54
50,00
54,60
50,00
52,02
44,30
54,25
37,03
31,94
23,34
23,02
23,74
32,12
38,39
36,69
38,14
37,77
40,17
39,60
38,35
38,13
34,93
34,51
37,93
50,07
58,00
55,09
44,04
47,63
40,00
51,50
35,96
36,47
33,57
33,31
32,96
34,14
44,50
46,53
53,37
57,91
44,98
43,58
40,93
34,10
32,63
31,85
31,91
36,10
38,87
35,95
35,66
46,66
39,00
36,63
32,98
33,91
32,65
32,34
32,48
33,97
37,95
42,64
46,77
49,00
46,77
43,17
39,50
41,46
39,74
35,47
41,07
51,71
52,92
56,04
40,00
40,19
34,29
41,95
36,97
32,87
31,39
29,98
29,54
31,00
35,43
36,90
44,71
46,49
40,28
36,92
33,34
34,59
30,82
31,58
38,26
46,04
51,55
53,97
50,00
42,00
36,00
40,60
36,93
33,32
32,05
31,44
31,12
31,82
35,99
37,12
46,19
53,53
46,99
45,22
36,50
33,04
31,63
32,39
35,76
48,70
49,82
50,85
42,35
37,80
33,00
47,00
41,92
36,73
32,91
32,92
31,32
31,08
32,50
30,53
45,00
54,01
50,20
38,03
32,55
30,00
30,00
29,53
30,90
33,52
39,69
43,62
48,00
49,24
38,87
41,84
32,23
32,97
31,43
29,99
25,00
21,08
25,00
26,00
32,50
32,50
33,58
37,42
37,57
32,50
31,32
31,53
40,00
33,87
45,00
49,90
49,94
49,99
36,74
36,95
35,97
32,48
31,91
27,48
23,97
25,30
31,75
30,39
38,67
39,99
32,25
37,27
37,48
33,95
34,15
46,51
55,43
54,99
54,94
50,55
38,00
44,52
31,53
50,00
37,98
37,87
31,96
25,66
20,00
24,42
33,11
40,83
54,97
59,26
49,99
42,46
39,00
33,00
31,66
31,02
35,25
42,07
42,12
46,12
37,53
33,00
30,10
30,00
7,90
6,12
1,89
1,57
4,69
10,99
25,14
35,40
42,65
39,00
35,10
35,00
37,00
35,00
35,12
29,99
41,73
39,89
45,01
50,75
52,53
55,00
49,98
45,01
34,79
34,69
32,11
29,56
30,06
30,06
36,32
38,00
50,12
55,00
53,85
52,95
47,03
34,03
31,74
33,82
42,75
45,00
39,49
46,50
37,69
34,00
30,45
37,67
31,49
31,93
31,52
30,90
30,83
33,73
36,05
38,11
51,43
51,44
47,00
39,88
35,00
31,92
31,58
31,53
35,00
45,00
46,82
46,00
40,00
38,82
32,92
50,04
46,96
46,94
42,00
36,83
32,95
27,10
26,90
32,20
52,52
55,97
48,37
34,70
31,22
30,78
28,42
27,97
30,45
38,95
47,09
44,82
37,70
35,93
33,45
40,00
30,97
24,92
27,95
15,47
11,41
11,63
14,93
16,30
25,88
43,97
49,92
47,00
36,48
23,09
19,93
19,78
25,00
37,83
40,00
50,18
55,00
60,00
44,68
28,13
18,58
16,32
13,13
14,08
18,31
27,05
32,41
33,00
35,00
35,00
37,00
38,07
36,82
35,00
35,29
33,82
45,12
40,00
54,99
51,24
50,33
54,92
49,90
32,92
24,57
30,00
29,82
24,48
23,21
30,14
35,67
36,40
40,00
41,80
36,58
41,33
38,22
38,63
35,33
32,96
46,15
50,00
50,39
48,97
46,58
43,98
37,89
34,42
30,07
30,99
29,91
29,14
28,20
31,03
37,48
39,76
45,95
38,10
38,22
36,99
35,64
32,64
31,59
32,34
36,83
45,44
48,01
42,96
38,99
38,88
33,29
40,54
31,82
29,11
28,55
28,11
27,74
29,03
36,00
36,55
49,96
49,97
41,66
36,03
31,38
29,92
29,96
26,76
30,66
34,55
39,82
39,82
31,76
32,90
29,96
30,91
26,97
25,95
22,53
21,11
21,89
26,02
32,96
30,38
28,39
28,76
30,00
31,14
31,83
29,67
27,80
27,73
31,64
36,18
38,99
33,01
30,09
31,73
39,45
33,72
31,93
29,62
27,43
26,82
25,00
24,98
27,94
25,99
31,47
40,72
38,80
29,34
26,82
25,50
24,42
24,15
25,51
30,00
40,73
44,90
49,00
49,92
45,00
46,57
38,06
31,37
28,48
28,37
26,98
26,66
26,94
26,37
29,03
33,00
38,00
38,00
33,00
29,93
29,03
26,38
32,00
31,40
45,00
50,47
50,98
51,00
49,49
34,96
30,91
29,00
28,08
26,53
26,42
34,26
38,71
39,66
46,20
47,92
47,64
44,00
43,99
35,00
34,60
38,74
49,92
55,93
55,99
57,00
50,41
44,92
33,02
40,23
32,94
31,42
29,99
27,77
29,21
32,92
39,06
39,65
55,94
55,90
46,68
45,00
40,32
38,35
37,00
33,12
36,35
46,68
38,00
51,75
37,63
35,91
33,76
31,82
30,54
29,59
27,94
27,77
27,99
32,94
37,76
38,20
42,41
46,50
42,11
44,26
45,17
47,97
46,33
50,63
47,20
53,00
51,55
51,00
41,14
48,55
40,55
38,00
33,02
31,41
28,20
27,90
27,50
33,10
38,34
40,52
50,97
59,99
55,93
51,75
47,89
39,38
36,64
36,87
41,00
51,00
50,99
55,92
46,50
40,34
37,33
47,08
41,91
34,14
32,90
30,58
25,95
28,32
32,98
34,82
39,04
40,03
38,08
35,01
32,54
32,43
31,21
31,28
35,00
47,42
52,92
48,00
43,95
39,00
34,82
40,86
37,92
34,00
29,93
26,98
26,95
25,75
27,69
31,23
57,00
60,68
60,68
48,81
30,36
30,73
25,93
25,33
28,20
35,84
44,31
45,00
40,00
39,00
35,06
43,91
37,93
39,91
31,80
32,17
27,51
25,95
32,82
31,97
35,96
48,77
42,92
50,06
46,63
36,57
30,91
29,07
31,04
38,55
36,97
38,58
45,00
48,10
38,23
34,36
31,54
31,54
30,20
30,10
30,00
33,37
35,69
46,55
68,35
69,80
55,00
52,12
49,44
45,01
44,07
46,05
99,99
132,77
119,99
117,00
65,55
46,19
34,72
38,97
34,96
32,07
26,33
25,79
25,00
32,23
37,35
40,09
41,98
42,34
45,05
43,22
40,51
39,29
40,91
40,12
57,93
70,00
59,88
47,84
39,82
35,82
33,71
37,99
35,99
32,53
28,88
24,99
25,44
29,80
37,10
37,77
46,44
41,92
42,00
45,00
43,62
36,90
35,37
37,40
53,94
57,94
52,28
50,15
39,35
34,96
32,45
44,79
41,79
33,46
28,94
27,69
27,50
31,00
38,23
42,00
43,39
43,39
43,65
41,99
41,27
38,08
35,76
40,00
58,99
57,03
54,21
47,90
41,55
41,43
33,20
48,00
45,00
34,20
32,00
31,33
31,19
31,96
39,10
36,41
59,00
55,00
54,90
50,00
43,01
36,26
35,05
33,07
42,80
48,60
46,00
42,44
40,01
39,44
35,00
62,50
55,00
54,30
40,00
34,94
33,70
31,90
33,98
29,50
45,00
59,94
56,12
51,00
38,91
30,53
29,49
28,94
29,50
34,96
42,82
46,23
49,09
50,33
49,12
48,00
38,08
32,52
29,43
25,80
23,93
21,90
23,85
22,23
25,00
31,96
44,93
50,33
40,50
32,52
32,00
30,31
33,78
33,11
46,82
56,49
58,45
58,48
52,10
45,10
38,50
31,91
27,42
22,48
24,22
31,36
37,30
37,52
40,49
41,00
40,49
40,50
40,49
40,40
40,26
34,08
39,34
62,02
65,03
64,93
51,38
45,00
40,40
39,51
36,55
34,02
29,99
29,94
29,57
32,51
37,53
42,66
52,74
60,00
60,00
60,00
60,00
49,99
49,95
44,67
74,92
82,00
86,57
74,93
54,93
45,00
41,38
38,91
35,94
33,81
30,38
29,92
29,57
34,13
39,47
43,35
64,96
66,20
61,70
59,97
55,74
49,99
43,88
45,33
64,98
70,17
75,90
71,53
55,95
47,89
42,09
40,08
35,02
32,95
32,31
28,95
28,98
33,16
37,95
43,61
64,91
64,93
57,91
48,50
45,50
44,43
43,59
44,32
54,00
66,01
67,00
66,37
48,37
50,25
45,69
40,09
36,96
32,82
30,00
26,82
27,90
32,23
37,63
40,91
45,51
52,78
49,97
47,00
43,46
39,72
38,51
34,11
39,95
54,19
52,66
53,00
41,00
45,44
36,82
40,11
39,90
32,83
31,41
27,22
26,50
27,33
31,75
31,51
35,50
57,00
56,94
51,37
36,46
31,90
30,04
30,00
32,39
39,88
49,93
55,00
46,69
39,48
36,15
35,94
34,56
32,96
31,24
31,13
31,51
31,21
31,91
31,11
29,57
35,91
46,61
41,88
37,38
33,29
32,08
31,75
32,55
39,00
49,30
51,99
55,00
51,97
36,82
34,68
34,00
33,44
33,10
32,03
30,12
34,69
40,16
49,49
64,91
64,98
59,99
55,00
55,00
47,37
40,00
39,50
55,93
80,31
70,70
61,58
54,02
44,88
35,53
39,49
33,05
30,00
27,82
27,91
27,44
31,47
37,52
40,33
66,01
82,60
75,40
79,50
80,00
70,00
65,00
74,90
100,00
115,00
93,65
74,98
65,00
47,97
34,06
40,06
34,17
30,44
28,58
25,84
26,63
29,92
35,98
40,00
43,18
43,00
43,01
37,99
37,49
33,88
33,58
38,00
55,00
64,96
70,00
56,95
51,00
48,09
36,95
44,50
38,00
32,82
32,00
27,00
25,77
30,00
35,15
39,79
55,00
53,64
47,96
40,01
34,67
34,69
32,10
33,32
38,65
49,96
50,00
47,10
39,39
38,66
34,73
38,93
35,00
30,37
26,45
26,65
27,42
28,61
34,75
32,04
43,00
46,00
42,70
48,10
42,80
32,38
31,95
37,00
45,68
49,90
52,85
54,10
46,39
43,34
34,00
49,92
41,78
31,97
30,00
29,90
27,74
27,65
29,57
29,00
48,00
55,01
55,92
51,96
39,31
30,35
26,82
26,36
28,13
31,97
36,97
37,00
33,50
34,48
32,69
36,90
32,64
26,94
25,82
25,97
27,96
26,20
31,00
25,00
35,20
28,13
36,86
40,00
46,00
29,09
25,14
28,13
32,16
40,90
49,00
52,82
51,97
55,97
38,82
37,73
33,13
26,71
25,11
25,26
26,42
31,01
34,64
38,09
38,53
38,62
38,94
37,11
38,14
34,63
32,49
32,65
38,60
62,99
75,06
68,62
56,00
51,27
35,00
38,12
31,82
30,00
27,92
27,36
28,66
32,54
36,27
38,74
48,82
47,45
43,94
42,11
38,62
34,43
32,56
33,36
38,55
41,23
42,00
39,40
36,73
36,77
30,98
40,01
37,48
27,08
24,93
25,01
26,24
30,86
37,45
34,38
36,99
39,57
39,94
44,82
39,82
35,00
33,30
34,74
47,88
49,00
48,89
48,01
42,00
48,00
34,42
39,04
31,19
27,00
25,93
26,01
27,32
30,81
37,51
37,90
45,98
50,00
46,94
46,66
35,00
33,42
32,60
31,45
42,08
49,82
49,82
50,00
40,00
38,06
34,04
49,94
44,21
34,97
29,57
25,00
27,42
32,30
36,48
38,25
49,74
55,10
47,75
41,07
37,70
33,19
33,20
32,11
39,00
49,74
47,98
44,99
37,10
37,84
34,66
42,00
36,55
33,91
28,53
27,00
27,00
27,55
32,54
32,03
37,01
47,10
52,00
49,00
42,00
32,82
31,00
30,11
39,00
50,13
60,55
59,00
47,31
44,82
38,00
47,00
41,99
39,94
36,46
35,05
34,94
34,62
36,00
26,11
27,78
33,62
44,10
41,10
49,40
38,41
32,94
32,94
51,17
49,32
50,00
51,21
49,00
50,65
36,87
36,97
32,98
30,28
28,76
28,01
30,56
32,38
40,91
37,90
44,66
44,86
44,23
43,03
44,81
39,16
37,91
36,30
39,82
56,93
52,97
52,91
38,00
45,04
33,71
37,99
31,91
30,94
27,99
27,82
30,08
30,04
36,44
36,10
45,00
49,00
49,00
45,90
46,91
36,00
35,23
38,53
57,90
69,00
78,36
61,95
48,55
52,11
35,47
40,51
38,00
35,28
30,11
28,96
25,81
27,36
34,93
34,84
50,00
53,00
50,00
44,50
39,70
33,95
32,61
32,42
41,50
50,00
48,11
43,00
37,91
38,92
33,52
38,18
37,95
31,92
25,11
24,99
28,50
31,52
36,97
34,97
51,92
54,94
48,00
47,44
44,18
34,00
32,17
32,44
40,23
49,08
49,44
47,55
36,00
38,99
33,93
43,01
39,00
28,93
24,64
24,09
25,09
29,33
34,94
35,42
39,96
42,74
42,21
40,55
42,26
37,77
36,05
35,40
44,59
54,96
54,91
44,87
40,00
40,55
34,95
45,00
38,00
39,00
20,00
15,00
14,99
14,99
24,90
25,00
30,87
45,00
43,91
41,48
36,73
33,55
32,04
32,68
32,67
51,00
56,06
56,95
54,67
56,98
42,01
52,00
45,92
41,09
36,88
29,96
29,91
27,96
24,00
28,99
30,99
39,50
44,00
39,96
42,27
34,99
30,99
30,98
30,98
41,10
50,00
50,44
51,95
54,42
39,55
44,42
30,20
31,91
29,80
27,00
27,00
30,95
41,97
33,76
42,08
51,55
42,31
42,01
41,54
33,00
31,04
31,04
35,80
51,56
55,80
53,99
46,20
49,00
38,80
43,91
33,82
33,23
31,95
32,47
33,08
33,52
38,01
35,95
56,65
53,04
48,34
45,62
38,99
34,54
34,03
34,01
45,00
56,93
60,00
53,05
46,10
41,96
34,52
40,02
33,00
32,09
29,96
29,98
29,95
29,99
35,01
33,66
49,84
63,32
55,00
50,00
44,38
33,08
33,51
34,54
44,67
46,00
46,00
51,54
35,00
35,93
32,81
45,00
34,99
29,97
27,74
26,48
26,49
27,90
35,54
33,79
44,91
50,01
44,00
44,22
38,49
37,00
33,80
36,80
46,19
54,38
55,99
49,90
45,52
48,60
35,00
49,97
44,00
32,23
27,94
24,00
22,76
28,14
34,96
33,80
42,74
50,68
44,07
40,00
38,69
34,69
33,41
31,19
33,19
42,83
54,28
50,00
46,34
50,00
37,58
47,01
42,00
38,00
34,00
32,48
33,19
32,46
33,36
33,94
46,21
50,00
46,78
45,59
35,88
33,15
29,99
29,94
31,45
35,00
45,25
52,96
52,90
52,99
47,00
48,97
44,95
37,44
35,99
34,09
34,00
30,98
30,98
30,44
37,45
36,27
37,99
37,99
39,75
34,20
31,89
31,89
32,92
39,17
44,42
51,90
51,97
59,92
36,96
37,19
33,05
29,55
27,11
29,16
31,94
33,93
42,04
35,03
36,91
47,20
47,03
42,09
44,82
45,00
42,02
41,24
45,95
59,37
65,44
54,90
49,00
44,84
34,92
44,99
37,80
35,20
34,55
32,99
33,20
34,75
40,10
35,94
47,04
55,10
50,88
51,80
51,80
45,40
41,66
41,53
52,61
55,01
57,98
45,53
37,00
36,00
34,42
44,93
37,98
32,54
26,56
20,00
22,96
26,58
35,63
34,92
41,64
46,76
45,94
43,00
48,87
38,98
35,11
35,00
42,61
57,00
56,92
48,83
45,00
39,66
35,21
44,00
36,20
35,95
34,09
34,07
34,95
37,67
41,06
38,03
48,51
48,00
45,02
42,80
43,45
40,91
37,84
36,40
45,00
61,94
64,57
54,79
51,92
48,39
37,00
48,88
39,12
37,40
31,93
25,00
26,12
30,99
36,51
41,90
55,00
57,00
53,87
47,98
46,98
36,33
36,25
35,02
49,00
57,95
57,96
47,55
41,22
43,00
37,91
41,94
39,91
36,05
27,29
27,00
29,91
35,00
36,95
36,01
37,06
42,44
45,98
45,00
40,00
37,31
35,00
35,00
43,90
47,93
55,62
57,93
55,62
60,20
45,82
50,00
45,00
40,20
37,95
35,59
35,65
35,59
35,38
30,00
34,00
38,11
43,52
46,00
49,92
48,41
41,30
35,33
47,00
53,11
57,91
62,00
64,17
63,85
47,76
44,04
40,97
40,19
35,49
33,94
33,92
35,01
35,54
35,98
41,60
47,96
42,28
43,16
45,28
36,14
35,98
38,24
49,24
60,00
61,98
56,36
44,82
46,00
37,99
40,39
38,00
38,92
34,04
31,91
31,94
35,22
39,09
39,05
59,97
59,90
47,00
40,00
37,29
35,03
33,43
33,81
37,90
48,82
59,99
56,00
54,43
52,88
41,00
41,01
39,77
37,96
34,57
32,95
33,00
36,22
40,07
44,76
63,97
56,49
43,55
36,11
34,82
33,54
33,50
34,23
37,52
44,82
52,84
44,82
43,00
43,02
35,95
38,94
34,49
32,44
32,03
31,91
32,48
37,02
42,01
41,00
52,73
59,90
49,01
40,00
36,95
33,98
33,73
33,95
39,44
50,57
59,65
55,10
52,05
51,88
37,21
45,00
40,50
40,01
35,92
32,91
29,44
31,55
38,93
41,92
59,98
59,97
42,49
44,55
40,57
35,54
34,97
34,96
36,04
45,90
54,84
58,46
48,00
44,55
35,98
35,50
20,66
12,22
9,97
9,54
9,97
10,03
14,95
28,51
37,90
40,60
43,00
36,34
29,00
24,91
24,19
24,93
29,97
41,34
48,12
58,00
64,74
71,09
46,00
39,59
31,75
28,93
35,00
28,89
34,93
35,00
41,07
21,90
25,00
37,57
40,33
49,92
55,01
56,54
44,80
36,92
45,46
54,42
56,54
60,25
61,91
53,00
38,56
37,59
36,04
36,95
35,12
34,00
34,00
35,97
37,21
37,09
44,84
58,00
57,25
48,57
52,65
41,56
38,52
39,26
60,00
70,00
78,07
64,97
58,98
45,27
36,90
44,38
39,98
41,02
40,00
37,04
36,03
37,08
38,82
44,23
62,86
70,00
69,94
64,92
54,40
45,00
41,00
51,70
39,49
47,37
49,00
45,60
45,12
41,00
37,00
40,64
32,82
27,98
26,82
26,31
27,91
34,88
40,24
41,95
54,82
72,95
70,00
37,58
37,10
35,82
34,95
35,00
38,00
48,01
55,00
48,00
49,96
50,00
37,91
40,45
39,25
37,04
32,25
32,25
35,03
37,00
42,01
39,94
57,24
69,96
60,11
50,07
46,97
37,93
38,32
40,00
37,65
46,19
54,82
49,70
51,64
45,50
37,00
40,07
38,97
36,57
33,00
33,00
34,94
37,09
40,73
42,26
42,45
56,93
61,61
51,70
51,88
50,19
39,44
47,00
38,30
44,99
51,82
47,70
56,00
51,70
39,70
44,94
40,09
36,68
35,54
33,91
35,04
35,58
36,56
37,50
42,89
60,00
52,83
47,74
40,00
36,51
35,26
35,27
39,38
45,00
58,82
65,00
67,89
65,00
40,03
46,96
38,49
37,99
35,74
34,82
34,19
33,82
35,45
38,63
39,99
39,92
40,00
39,99
45,00
37,75
34,64
35,89
49,00
46,04
58,06
64,91
72,56
59,43
40,00
48,00
37,97
37,93
37,44
32,06
32,24
39,74
41,63
43,12
42,86
42,39
41,22
40,77
39,68
37,37
36,57
37,39
42,44
44,42
56,89
60,00
74,97
63,97
41,93
37,96
41,13
40,51
37,85
37,23
37,82
43,25
45,43
43,41
51,00
52,01
51,19
51,02
46,33
44,41
43,64
42,88
43,35
57,40
62,00
62,00
68,20
51,00
37,64
40,01
37,62
37,08
35,00
33,03
34,02
37,72
40,23
42,50
48,80
56,08
50,00
48,00
50,00
42,81
41,86
37,59
45,01
65,01
73,13
59,91
69,12
54,88
39,00
42,97
39,08
37,57
36,94
36,92
37,20
38,07
43,00
41,24
52,09
60,00
49,00
44,88
43,25
43,11
41,58
40,84
46,64
53,95
64,06
61,22
72,00
57,50
39,02
42,91
38,55
37,63
36,14
33,42
34,11
37,81
41,06
43,59
58,76
63,00
49,70
45,00
42,93
39,09
38,57
36,99
39,03
51,50
56,82
53,79
63,59
58,00
38,59
46,55
41,94
39,44
37,60
36,40
36,36
36,59
38,05
39,48
46,44
59,69
56,16
52,00
40,20
37,58
35,56
36,06
39,43
42,82
58,45
62,00
68,10
51,93
38,10
46,85
44,01
41,65
36,70
28,08
25,85
28,41
29,28
27,71
31,46
45,11
45,36
45,40
50,10
45,43
43,44
47,96
45,00
46,43
59,74
70,15
75,00
48,69
41,70
36,55
35,93
34,93
32,80
28,00
30,00
37,58
42,84
40,41
42,00
52,82
47,18
46,06
43,20
38,55
37,84
38,10
43,40
58,40
70,00
59,98
65,84
43,09
34,91
44,00
40,74
38,99
37,51
29,00
29,45
38,73
41,25
41,84
58,11
58,40
51,72
42,55
42,23
38,00
36,99
37,09
40,44
52,01
59,00
59,00
65,67
37,95
33,98
43,32
37,99
35,00
30,16
24,58
27,45
36,00
39,80
41,43
55,00
55,39
44,00
39,26
39,82
39,26
38,59
36,62
46,65
49,06
56,20
67,97
75,00
59,00
41,00
42,17
37,63
35,92
35,84
33,87
34,92
37,86
47,05
59,00
70,00
65,88
47,87
39,80
38,06
37,13
37,04
37,08
39,08
43,55
46,81
59,13
63,67
41,26
32,50
40,00
25,89
30,00
17,96
14,98
21,02
34,00
39,03
38,44
43,00
45,00
40,64
40,98
46,55
48,10
47,25
43,13
41,00
52,00
58,70
72,00
74,24
57,00
39,11
51,07
42,65
40,00
38,57
35,00
34,96
37,93
39,07
36,05
41,14
57,76
55,09
48,65
42,17
39,03
36,44
36,45
39,24
49,00
59,20
67,33
76,39
54,54
42,56
54,42
50,00
48,77
44,91
41,45
40,00
40,00
41,45
37,93
45,00
52,00
48,00
37,42
38,00
32,38
32,32
32,94
37,92
39,93
49,00
64,96
69,97
43,61
38,07
31,93
17,00
18,40
17,12
19,04
20,54
28,64
49,96
61,91
64,00
56,84
38,50
38,09
36,76
32,00
31,90
35,52
38,52
50,39
60,10
73,02
73,02
45,00
34,99
45,06
33,93
28,91
25,04
24,19
26,20
33,00
48,54
46,66
50,71
51,30
42,26
44,67
48,99
48,23
40,01
47,87
64,95
60,00
55,44
75,00
67,09
48,00
42,93
52,94
40,00
35,00
28,88
26,56
27,53
39,94
51,02
47,00
51,55
49,35
42,49
40,53
40,53
40,07
39,82
40,03
51,50
45,55
51,62
74,96
76,56
52,94
43,55
48,44
39,96
45,08
39,32
38,70
38,92
43,53
46,74
61,60
62,10
49,72
40,50
39,02
39,09
38,88
36,00
38,98
49,21
51,00
55,00
77,57
70,44
50,75
42,04
42,57
36,17
38,00
35,00
34,92
35,72
42,13
51,15
47,26
65,87
61,77
45,92
48,44
44,80
40,90
39,56
37,74
44,41
56,00
65,00
72,78
63,67
50,00
40,00
53,01
39,99
39,91
38,45
36,00
38,40
39,42
41,22
40,00
45,68
60,23
59,90
48,88
45,00
40,45
38,94
40,05
46,88
55,10
64,98
74,99
74,90
53,09
44,00
51,93
43,96
40,06
38,92
37,98
36,42
37,03
37,52
39,99
39,82
47,82
48,00
45,00
51,50
50,55
50,00
43,93
49,13
55,24
54,99
75,96
69,93
42,84
41,75
38,41
38,14
37,52
37,52
31,46
35,82
39,39
49,91
47,77
63,44
65,00
50,34
45,78
45,78
44,85
40,04
40,23
57,00
70,00
81,31
135,61
99,50
61,90
42,98
40,58
40,24
40,06
39,93
39,54
39,56
40,24
45,18
53,00
70,00
61,24
44,92
44,35
44,11
43,86
43,80
44,38
54,00
74,98
86,64
149,92
99,90
50,00
40,59
44,58
39,00
38,58
38,18
36,12
36,94
38,95
46,84
49,06
62,45
53,62
45,18
43,32
43,15
42,49
42,74
43,03
45,99
58,84
60,41
79,93
61,00
43,39
36,97
39,96
37,94
37,92
37,99
35,99
35,44
38,61
43,83
47,40
58,01
52,82
46,45
46,90
44,82
43,00
42,99
42,81
53,88
60,31
71,00
90,53
64,99
46,41
43,50
43,18
38,99
38,52
38,47
36,88
36,94
38,51
43,83
67,30
69,95
56,44
44,00
40,03
37,98
36,03
37,96
36,02
39,52
53,00
57,00
82,90
60,00
44,33
38,50
45,09
39,91
38,90
39,51
37,55
36,21
36,95
38,08
37,60
49,80
64,98
53,43
44,00
38,06
34,53
32,91
32,91
34,90
47,26
57,55
77,06
59,91
38,15
34,99
38,50
37,49
34,06
33,93
27,89
30,00
33,92
40,94
31,59
35,21
42,65
46,49
38,58
45,00
44,95
37,58
45,73
49,00
43,40
57,34
80,00
62,77
50,00
38,59
37,55
33,91
33,42
34,82
32,90
31,22
40,21
47,46
48,67
50,01
54,82
50,00
46,19
46,16
44,31
44,12
40,05
46,94
51,22
61,95
82,83
60,00
41,95
37,97
38,73
37,56
37,44
37,23
34,27
33,82
38,24
46,72
50,10
69,00
64,97
48,73
44,62
44,57
43,29
43,27
40,04
45,00
51,60
58,44
72,22
54,20
44,27
37,57
45,00
42,91
42,00
40,00
36,90
38,50
41,07
48,84
56,00
60,19
49,82
45,14
41,98
41,00
40,23
39,47
39,52
49,03
52,46
57,92
74,95
55,90
40,60
36,26
40,00
34,99
38,00
40,10
39,80
41,60
43,78
49,00
54,00
65,00
67,02
51,00
50,56
49,64
45,69
44,64
44,64
51,48
50,00
57,00
79,93
55,00
44,00
40,03
45,00
41,00
36,20
28,35
28,12
30,72
36,92
45,30
46,48
63,80
64,95
49,24
44,39
39,93
38,49
37,14
37,42
41,00
49,60
61,97
71,91
44,76
40,04
36,87
43,16
39,55
37,86
36,50
36,50
36,50
38,91
43,96
35,24
44,68
58,69
58,03
61,60
41,00
35,50
35,28
35,29
40,98
52,01
68,00
84,99
52,01
40,08
39,00
59,92
54,50
59,95
52,54
52,50
44,50
37,00
29,03
29,56
36,42
49,50
51,23
48,67
40,89
32,80
25,05
25,34
36,88
44,42
56,10
84,00
51,50
37,18
32,34
29,75
23,29
20,35
9,61
5,00
14,29
29,97
50,58
46,11
47,74
46,66
41,76
41,07
41,09
35,56
36,00
36,69
40,53
50,00
59,94
82,95
46,06
41,51
36,53
40,40
30,14
27,46
20,10
18,19
23,96
34,45
50,37
49,36
54,03
45,58
40,65
40,00
38,92
38,99
38,92
40,78
46,74
49,60
70,00
82,97
48,00
43,40
36,95
45,49
45,00
35,90
29,92
26,50
34,76
49,85
53,02
52,75
52,69
51,38
45,88
38,82
38,61
38,64
38,69
44,33
47,05
52,85
59,04
62,00
50,81
47,25
44,00
45,63
43,00
40,91
29,06
25,54
33,54
43,17
56,44
54,11
60,49
52,13
48,17
42,80
40,05
39,42
39,10
39,52
47,53
49,89
61,50
73,00
48,04
47,58
41,79
43,32
36,92
36,97
36,63
33,00
36,94
44,57
56,70
55,94
55,62
53,85
49,00
46,58
42,00
38,00
38,00
38,35
48,08
54,50
69,90
70,00
47,02
44,88
42,21
47,91
43,01
40,90
38,39
32,92
33,74
39,47
43,19
41,45
44,16
42,55
41,86
40,60
37,76
35,00
34,90
34,98
39,70
48,54
70,77
81,94
54,66
48,89
43,82
41,72
37,46
38,92
39,90
37,97
38,00
42,07
48,02
28,90
37,19
46,82
50,00
46,46
50,00
49,78
38,01
37,19
53,00
54,70
74,99
89,40
60,44
51,45
40,51
40,53
38,58
38,55
38,60
39,95
39,04
42,61
59,90
56,16
56,81
58,92
55,28
53,12
51,90
50,08
46,70
45,16
52,92
58,68
74,00
64,95
54,18
45,39
44,02
45,42
41,40
40,97
39,06
28,57
36,13
50,40
49,59
46,54
57,70
58,58
58,03
52,92
44,22
40,59
40,53
42,93
51,38
58,39
64,79
61,13
47,02
44,96
39,82
47,98
44,09
39,11
30,73
26,74
30,25
49,02
50,98
46,20
48,56
50,55
47,16
44,82
45,52
44,83
42,62
43,13
53,33
60,09
67,83
65,79
57,16
51,18
41,55
45,09
42,00
36,92
32,48
29,00
33,88
49,99
60,85
58,14
56,85
56,02
46,55
41,82
39,82
38,52
40,24
38,55
52,50
56,07
66,96
63,26
46,71
44,81
40,37
43,56
34,90
32,32
27,33
27,83
28,85
39,60
54,93
56,71
49,76
48,81
45,00
40,00
40,97
38,03
38,07
37,31
43,18
54,75
63,11
61,72
47,97
47,57
40,43
45,94
45,60
40,10
35,00
33,07
33,01
35,47
42,34
38,80
43,69
54,67
53,48
45,31
40,67
38,01
36,89
36,10
39,00
51,72
79,80
73,23
49,00
43,01
40,09
52,90
42,50
44,08
38,92
29,14
26,56
28,44
33,08
31,21
30,53
34,82
37,51
39,04
47,98
38,06
37,57
36,40
39,07
41,39
79,93
82,00
52,00
45,01
44,00
56,00
41,75
45,36
43,96
43,44
39,42
39,26
50,84
64,99
60,97
55,00
49,44
41,87
38,08
35,31
37,00
38,57
44,00
55,25
61,12
56,73
37,09
39,23
34,95
42,92
35,14
28,92
27,78
25,61
30,43
48,52
56,33
41,10
49,91
48,19
42,08
42,69
44,94
48,34
50,75
42,00
56,27
59,17
81,27
81,51
58,13
50,03
43,72
48,02
37,76
37,76
37,76
34,00
32,97
43,25
57,23
60,65
58,89
56,40
55,00
53,63
53,74
53,38
46,24
54,33
56,94
66,71
75,44
60,91
50,25
47,73
39,00
48,00
40,55
38,45
36,42
31,82
34,55
46,79
60,00
59,29
59,35
57,34
47,22
43,69
39,08
38,07
40,45
42,79
50,54
54,55
70,79
60,98
48,00
46,72
43,91
44,69
37,24
36,52
36,63
34,75
30,86
37,73
53,60
53,94
56,14
56,05
54,43
52,93
49,52
42,83
39,82
40,00
47,04
53,06
60,37
56,53
39,65
45,82
38,00
50,06
47,22
47,09
34,50
27,17
27,86
28,85
37,12
38,53
42,36
52,60
48,82
46,60
44,95
37,64
37,62
38,46
44,88
58,00
83,46
65,00
39,09
39,92
36,93
50,00
44,81
44,90
37,58
23,97
24,21
25,61
34,92
36,00
40,32
38,00
38,23
41,18
45,26
42,00
39,00
28,05
45,00
46,16
82,12
67,70
51,65
46,19
46,33
40,22
36,00
37,77
37,59
32,02
37,83
43,48
52,00
38,37
57,81
56,96
48,38
47,50
46,88
40,70
40,70
39,10
54,20
61,59
65,96
63,98
51,18
46,48
39,00
44,95
40,20
40,30
40,83
37,63
36,04
44,76
48,09
43,42
57,14
55,01
45,66
40,26
38,72
37,54
37,81
42,25
53,42
58,74
65,71
60,94
55,20
45,00
39,21
45,92
41,45
38,48
34,98
30,73
34,73
43,78
46,00
41,40
49,92
54,82
45,97
42,00
41,00
40,10
46,84
40,21
55,16
59,45
71,18
63,56
58,79
47,47
42,53
45,03
40,04
38,57
38,82
31,00
33,27
45,23
46,51
45,00
59,26
59,68
55,18
52,26
50,85
49,23
43,37
51,39
55,51
62,03
77,88
64,09
56,41
51,13
40,47
47,96
41,57
41,56
37,32
32,39
38,57
47,00
52,56
51,54
59,39
56,90
55,21
49,92
43,51
39,33
39,99
41,19
48,09
55,36
60,72
56,23
48,92
43,48
39,91
46,00
46,00
59,92
48,08
35,34
38,58
41,19
41,33
42,02
50,90
52,48
49,54
48,48
42,16
35,01
33,07
31,94
34,24
54,47
80,00
58,09
47,42
39,92
35,00
40,22
38,50
21,80
23,48
25,77
21,11
22,06
26,87
40,00
20,21
28,00
37,89
44,82
50,58
59,50
58,61
52,00
29,88
43,09
74,89
77,47
57,96
49,81
49,59
42,02
40,05
39,57
38,79
37,96
37,91
34,82
42,51
55,11
51,32
51,41
49,10
47,77
43,10
44,68
47,39
47,49
48,64
55,63
80,00
70,04
57,98
48,64
43,96
37,00
41,91
39,84
39,07
36,80
36,35
39,50
42,34
52,02
52,76
50,45
54,07
41,02
40,02
40,59
42,55
41,09
46,04
57,68
64,99
64,92
59,35
45,10
47,40
39,41
45,11
43,67
40,26
33,00
30,48
29,99
35,01
53,00
40,73
41,95
44,00
42,82
43,61
41,99
39,50
44,55
39,43
54,97
71,10
66,41
57,28
47,15
48,23
43,54
41,03
40,01
39,59
39,05
35,00
37,51
44,07
51,65
41,66
47,23
52,66
46,06
46,01
46,24
45,57
46,02
52,00
57,30
74,99
64,12
60,78
51,28
48,08
43,20
45,00
44,35
40,48
36,00
37,18
40,00
47,43
52,02
55,51
57,22
55,04
53,92
52,00
46,00
50,00
49,20
52,00
58,00
63,00
60,43
53,82
45,41
45,77
44,01
49,11
45,99
42,00
40,00
39,05
38,99
39,00
39,13
39,92
54,52
59,00
56,00
43,40
40,89
40,00
39,78
39,08
46,50
84,99
66,61
47,94
41,77
42,10
40,00
44,93
43,78
47,02
40,75
37,99
28,64
24,15
35,66
29,22
38,00
40,03
42,40
42,40
46,51
46,81
54,75
41,05
49,47
80,02
65,77
55,44
45,68
44,96
40,58
41,03
41,02
40,83
40,05
37,77
37,39
44,67
56,22
60,35
59,91
51,92
42,60
39,54
40,07
40,08
41,42
40,25
64,99
82,27
58,93
65,03
43,83
40,61
33,96
45,51
43,95
41,99
41,00
38,89
42,34
46,00
53,00
43,26
48,91
49,55
44,78
47,52
51,48
51,91
50,50
41,43
62,89
79,35
70,04
61,52
46,66
52,30
41,54
43,50
43,84
42,85
42,24
41,68
42,59
43,46
51,82
49,92
59,01
62,98
57,28
44,28
44,57
43,03
43,00
42,10
64,91
79,91
64,00
56,12
47,44
49,92
41,66
51,00
45,33
43,57
41,50
40,58
42,04
45,92
51,44
44,38
45,90
51,00
49,68
51,12
51,04
49,00
49,12
43,74
60,00
85,56
65,25
55,92
44,38
48,50
40,49
59,98
56,00
50,22
42,86
37,24
35,00
36,70
46,97
50,51
51,36
53,14
50,55
43,26
46,26
48,92
52,00
41,55
54,74
84,37
69,93
56,00
47,73
51,55
47,12
49,56
52,20
48,00
44,35
42,62
42,21
43,19
45,00
44,56
49,19
51,82
52,55
51,73
51,50
48,95
45,32
45,09
54,99
84,97
66,88
58,66
52,11
52,00
51,14
54,25
52,58
52,00
47,09
48,39
38,50
33,13
37,47
36,14
39,00
41,86
43,39
44,91
42,17
44,92
49,54
40,00
56,82
83,88
67,42
57,67
54,75
46,68
43,03
44,08
43,96
43,96
43,95
43,36
43,23
44,03
55,12
49,24
57,05
55,68
53,53
50,03
47,45
45,52
48,30
47,91
73,32
96,35
66,32
59,64
47,36
44,23
41,35
45,67
43,48
41,17
39,19
39,00
43,66
53,15
55,08
45,80
45,89
49,88
45,89
50,12
55,00
59,15
60,53
47,83
81,00
99,98
71,00
62,60
54,70
51,55
43,27
45,36
45,91
45,04
42,88
42,72
44,10
45,30
54,00
48,47
54,00
61,54
59,92
62,70
50,55
50,00
46,82
46,01
80,19
86,55
55,44
55,00
51,65
50,19
47,10
46,96
50,76
48,17
43,96
39,99
34,44
41,06
44,95
47,55
49,82
51,60
48,82
45,55
48,10
51,70
48,89
44,82
60,10
82,10
62,26
58,82
44,44
53,18
45,82
47,00
50,98
49,91
45,78
44,69
43,49
44,34
50,00
65,19
66,10
60,28
46,36
42,51
42,82
42,82
41,25
43,42
54,88
79,99
62,00
59,31
46,72
52,49
43,47
49,47
49,30
46,10
39,81
37,99
36,30
37,98
44,97
43,85
46,72
49,75
52,06
44,11
51,33
48,64
49,30
50,92
61,86
68,21
64,32
59,00
55,78
49,00
46,82
46,90
49,21
46,23
43,97
40,78
42,05
41,98
44,97
46,16
45,98
46,81
50,07
51,97
53,09
51,91
50,36
49,15
61,13
77,87
71,08
64,90
62,16
49,92
43,00
46,39
47,95
49,63
44,78
42,03
38,89
41,16
46,67
45,00
48,00
49,00
50,88
53,87
55,00
48,82
46,86
47,08
64,00
69,97
69,26
65,30
55,15
50,58
42,59
46,82
44,55
42,29
38,79
35,50
40,49
45,02
57,21
60,01
59,37
61,98
55,24
46,00
47,79
49,80
43,15
44,98
59,13
65,17
57,00
57,39
48,92
43,03
40,60
44,97
44,99
42,96
41,07
40,84
43,99
53,78
52,02
52,83
62,27
52,41
53,05
46,73
49,82
48,89
46,11
46,60
57,45
71,98
58,95
56,81
50,13
48,74
44,01
49,32
45,93
45,01
42,45
29,89
25,65
42,00
47,76
53,96
51,34
50,85
51,68
46,49
44,82
48,51
48,09
43,54
61,33
68,61
66,91
64,05
56,20
52,94
46,82
43,60
43,06
43,56
43,06
42,44
41,75
45,58
54,11
55,76
61,33
61,00
56,95
57,11
52,55
46,09
52,00
56,87
67,77
70,01
64,08
59,93
49,41
50,64
46,85
50,86
48,03
47,31
44,81
44,23
43,09
43,08
45,43
48,50
52,73
54,16
52,42
50,46
48,08
46,07
45,70
46,34
57,98
74,95
64,08
58,66
49,04
49,37
48,00
47,58
45,89
44,94
46,89
43,72
43,63
43,63
46,53
44,94
46,47
44,92
47,68
51,88
54,54
53,47
52,00
48,51
56,21
84,00
64,53
59,11
50,11
50,59
45,41
45,70
42,52
42,69
39,34
39,77
39,97
43,97
62,03
45,11
48,00
52,32
57,00
54,38
55,00
49,87
48,88
53,89
62,94
71,54
69,94
60,98
54,73
52,99
45,98
46,17
45,02
43,59
38,79
33,51
45,06
55,00
64,91
51,63
66,77
62,50
55,10
48,03
48,03
48,03
48,86
61,61
68,03
70,55
68,48
59,00
50,00
55,10
47,83
46,04
46,62
46,03
43,42
44,03
44,58
46,03
55,00
52,71
61,47
62,00
54,66
50,19
50,19
49,50
48,32
52,00
76,77
86,64
68,01
60,71
51,27
49,54
46,63
46,88
46,45
46,01
45,16
45,00
45,00
46,01
52,71
54,57
65,00
62,99
54,00
48,82
48,55
48,55
51,04
57,54
66,42
79,82
70,01
55,00
53,00
54,08
47,94
45,91
46,13
46,01
45,90
45,17
44,54
45,90
53,46
51,16
60,72
61,00
55,86
48,99
48,50
49,79
54,03
62,75
73,59
74,84
70,13
62,92
54,24
53,00
51,00
55,49
50,99
49,98
47,08
46,53
45,73
46,56
49,06
47,95
53,80
61,18
60,39
59,04
53,84
52,64
49,00
52,07
63,88
73,49
69,56
59,30
52,92
52,58
47,96
54,85
49,82
49,74
45,16
44,16
43,58
44,14
46,51
43,18
45,34
52,41
54,03
55,89
53,40
51,43
49,14
51,71
63,78
70,00
69,54
64,42
59,67
53,36
46,52
47,69
50,00
47,09
44,88
44,89
44,60
46,39
60,00
48,82
62,00
61,14
56,00
52,48
50,10
50,77
53,88
57,67
77,10
80,00
69,52
67,00
55,43
55,00
47,04
48,54
49,13
49,30
47,61
46,93
46,34
46,59
53,10
53,00
67,01
67,01
53,44
47,04
46,59
46,51
46,64
47,82
70,96
77,92
59,93
65,43
48,24
52,53
46,78
53,23
48,00
51,81
46,07
46,07
44,59
46,07
53,50
57,06
67,51
59,23
51,47
46,82
47,55
47,52
47,53
48,06
64,92
70,11
60,00
65,00
48,06
52,00
44,05
54,93
51,98
51,71
36,81
30,11
38,35
49,00
57,60
49,00
61,82
59,94
54,92
51,13
55,00
51,20
51,53
47,82
66,93
72,92
71,85
63,76
55,55
53,03
46,98
52,32
51,32
50,46
45,80
31,72
39,11
52,19
56,74
55,11
60,06
60,54
60,00
52,79
50,46
48,11
53,41
50,33
64,51
70,78
71,49
63,59
58,30
56,00
53,01
51,57
51,56
49,36
47,66
47,27
46,58
48,64
52,82
46,97
50,06
59,93
60,42
52,10
54,11
50,00
49,54
54,46
65,66
73,96
74,13
65,45
60,41
58,00
54,59
53,97
52,51
55,44
60,00
48,11
45,55
37,80
39,82
34,97
40,30
47,00
50,20
50,76
54,33
53,23
52,00
49,51
74,00
85,00
74,94
57,07
57,51
53,66
49,30
48,98
52,05
48,53
46,82
46,03
45,48
45,06
55,63
58,68
65,55
65,55
67,71
61,58
59,67
49,69
48,57
54,94
76,72
86,27
69,66
64,12
52,95
49,18
48,49
48,75
47,41
47,41
47,93
47,41
47,41
52,56
69,31
84,36
98,75
94,28
88,45
72,37
72,03
72,37
70,66
79,39
96,22
93,76
77,49
60,15
50,85
56,00
48,10
60,09
56,94
50,00
47,10
44,93
43,82
50,00
63,69
69,00
69,02
68,97
68,37
68,29
66,51
62,98
61,87
69,60
75,51
91,97
84,92
69,30
64,21
61,19
51,77
52,93
51,99
50,74
50,36
49,55
47,59
47,60
55,00
52,34
61,03
60,47
57,99
54,44
54,26
52,68
56,86
60,50
77,94
95,00
84,46
75,30
53,59
57,99
51,11
49,48
52,49
48,78
46,74
45,59
45,00
44,00
50,12
60,97
61,60
62,00
60,77
58,16
56,36
53,84
51,94
56,55
67,11
67,39
64,54
60,59
52,98
52,55
50,24
48,68
49,93
51,90
47,70
47,58
47,16
48,60
48,14
52,43
57,20
62,57
61,30
56,00
55,00
52,00
51,50
52,00
74,92
90,00
79,90
68,79
55,25
57,29
53,52
59,94
57,82
65,94
54,42
52,27
44,08
43,53
39,77
44,00
46,92
50,01
53,93
57,00
55,00
54,12
49,07
47,06
74,94
81,10
73,12
66,10
54,32
53,53
49,85
49,00
48,64
48,87
48,75
48,62
48,47
51,90
61,04
60,00
57,14
61,62
59,26
58,03
59,69
56,00
61,93
66,20
72,28
84,01
70,00
65,84
56,41
57,12
50,43
46,95
49,98
49,62
47,12
46,09
45,59
48,87
58,16
58,10
66,07
64,56
63,44
60,59
60,19
57,82
58,59
65,00
67,59
67,92
66,26
57,07
55,00
53,98
50,95
48,41
47,98
46,85
46,04
44,95
44,79
49,46
57,92
52,03
62,64
65,61
65,56
64,46
64,98
61,94
61,70
65,60
71,67
70,00
69,00
62,97
56,46
54,31
49,44
54,00
48,93
47,47
46,54
46,09
46,01
49,67
54,00
57,42
61,62
63,41
60,89
59,34
60,23
56,56
52,66
60,85
64,88
66,66
65,39
63,08
57,00
51,73
47,77
48,84
48,10
48,09
45,67
45,39
44,62
45,09
56,45
58,58
61,63
61,98
60,94
59,04
56,59
54,98
52,82
52,82
57,50
62,75
62,38
59,05
48,95
48,89
45,01
64,92
60,00
51,01
50,83
45,00
36,00
36,63
45,90
43,96
49,98
54,00
54,90
50,50
49,70
48,66
46,05
45,71
61,36
73,95
68,00
54,54
50,92
48,00
44,56
50,00
52,12
58,00
47,30
42,41
34,01
37,10
34,92
33,93
41,13
42,45
52,83
46,20
55,00
54,10
55,00
46,64
72,80
79,30
63,47
49,49
50,56
46,41
42,86
50,95
52,12
50,00
50,00
42,93
38,94
39,96
52,00
37,20
57,00
51,58
60,19
61,75
74,99
73,25
57,73
51,60
61,00
59,35
50,00
48,54
46,69
50,00
50,00
51,43
52,00
50,00
45,64
40,57
31,45
33,76
37,93
32,00
40,99
44,00
44,52
44,54
54,51
54,51
61,70
48,52
69,00
75,50
70,55
65,55
50,20
54,44
46,91
55,04
54,96
52,03
45,61
43,07
37,48
43,10
46,42
43,00
48,01
52,06
50,59
58,00
57,30
50,59
48,06
46,54
67,00
88,00
76,30
69,37
53,00
47,51
46,96
48,98
52,10
52,10
51,70
48,18
47,08
48,99
49,92
46,59
49,72
54,83
53,33
53,44
51,38
55,00
55,89
47,75
70,93
94,96
88,00
67,96
53,00
57,82
49,92
60,02
65,00
65,00
55,00
48,71
45,49
43,75
42,33
43,19
46,06
47,33
47,10
49,44
51,55
49,92
46,55
45,01
58,00
82,32
73,92
59,57
48,32
50,55
44,97
50,91
52,13
55,73
49,96
49,94
46,48
43,15
38,90
41,85
43,77
60,00
54,00
44,81
46,18
45,19
45,00
44,64
58,38
83,00
76,00
55,00
55,01
56,97
44,91
50,00
48,94
48,48
41,29
30,00
20,00
18,21
4,56
35,00
37,00
41,20
51,33
42,34
50,44
49,96
44,44
43,20
64,91
90,00
74,04
48,00
54,00
44,77
39,99
51,52